epoch,train_acc,train_loss,test_acc,test_loss
0,23.168,2.460588594836652,35.31,1.747314968109131
1,39.704,1.8554576485968002,47.54,1.4450768446922302
2,50.33,1.5681913868545572,58.01,1.175219560265541
3,58.312,1.3753596038159812,59.08,1.1715631407499314
4,64.99,1.2395447867605693,67.68,0.9529869097471237
5,69.224,1.1610380023946543,70.17,0.8823231619596481
6,71.588,1.120983897267705,71.54,0.8178132838010788
7,74.12,1.0795079684623368,73.79,0.7975144210457802
8,75.482,1.057346188503763,77.47,0.6753678277134896
9,76.802,1.0383110040289056,77.01,0.7029657834768295
10,77.572,1.0208873800609424,77.76,0.6552461683750153
11,78.842,1.008133888244629,77.9,0.6577402210235596
12,79.364,0.9909443559549044,76.56,0.7143647137284279
13,80.246,0.981709097047596,78.53,0.6516758227348327
14,80.172,0.9934190574204526,77.85,0.6913419637084007
15,80.914,0.974462727908893,82.0,0.5359330463409424
16,81.308,0.9727802861986867,79.14,0.6490139150619507
17,82.016,0.9578415454196199,77.19,0.7372526842355728
18,81.974,0.965245104964127,81.39,0.561202931702137
19,82.32,0.9607561062973784,78.75,0.6454210162162781
20,82.688,0.9585290860641947,80.47,0.5848428082466125
21,83.268,0.946874162272724,81.94,0.5387031635642052
22,83.162,0.9510316571311268,80.35,0.5956099963188172
23,83.36,0.9476966287778772,82.1,0.5303977891802788
24,83.334,0.9453454567953143,82.04,0.5414661341905593
25,83.902,0.9392298967637065,82.28,0.5507480424642562
26,83.66,0.9480342034183805,82.05,0.5332485631108284
27,84.372,0.9296511504656214,82.42,0.5644026947021484
28,84.142,0.9335234640809276,82.12,0.5452140578627587
29,84.286,0.9394763346828158,83.84,0.49040846809744837
30,84.888,0.9224933506277821,81.72,0.5515979287028313
31,84.806,0.9194861543757836,81.72,0.5670558494329453
32,84.682,0.9259505660637565,81.88,0.5564684018492698
33,84.822,0.9234030822963666,81.26,0.5721336632966996
34,85.256,0.9163668766960769,84.52,0.4610947731137276
35,85.104,0.915663792196747,83.47,0.5291700711846352
36,85.5,0.9062664374671019,82.29,0.5616424915194511
37,85.132,0.9202752681949254,82.12,0.607342010140419
38,85.354,0.9171292300114546,84.91,0.4499475985765457
39,85.478,0.913965939408373,83.68,0.5509994658827781
40,85.592,0.9104789920780055,83.45,0.49258021771907806
41,85.73,0.900958262593545,83.41,0.5134919758141041
42,85.572,0.9031027357291688,82.41,0.5492192602157593
43,85.648,0.9102154502173518,84.1,0.48546940624713897
44,85.878,0.9022962754339818,85.19,0.4613155424594879
45,85.89,0.9035544072270698,82.69,0.5105189603567123
46,85.932,0.9002720946850984,84.63,0.48806398421525954
47,85.914,0.9023053537854149,83.79,0.4938553228974342
48,86.204,0.8972414309716286,84.09,0.4847391179203987
49,86.212,0.9005742644714883,83.33,0.5047969862818718
50,86.068,0.9038745209079264,85.81,0.41885962188243864
51,86.364,0.8932310265043507,85.16,0.4510419881343842
52,86.572,0.885259383932099,82.71,0.5258817121386528
53,86.072,0.8982187315935979,85.96,0.46045316562056543
54,86.402,0.897596560933096,83.96,0.5068677088618279
55,86.418,0.8958989029650188,84.11,0.48418684288859365
56,86.356,0.8994416797252567,83.13,0.49571048229932785
57,86.248,0.8984170328930515,85.27,0.4582581916451454
58,86.464,0.8999268139719658,85.68,0.42698524191975595
59,86.722,0.8958925638357391,83.16,0.5115976297855377
60,86.734,0.8916284274262236,82.45,0.5270029103755951
61,87.006,0.8858450588667789,83.99,0.4928027504682541
62,86.854,0.8849383993526859,86.41,0.41363106921315196
63,86.92,0.8848686259420936,85.87,0.4357167613506317
64,86.864,0.8822527090301904,85.56,0.4661396862566471
65,87.02,0.8781092390989709,83.95,0.4939753425121307
66,86.752,0.8898009139558544,85.21,0.4361501395702362
67,86.902,0.8838203930488938,85.03,0.4521749207377434
68,87.076,0.8749737463643789,85.66,0.43891569167375566
69,86.678,0.887357259497923,84.92,0.4650006127357483
70,86.982,0.8796193334452637,84.08,0.4793051736056805
71,86.724,0.8881161005600638,79.6,0.6343950340151787
72,87.192,0.8707754979353122,86.15,0.40834835574030875
73,87.026,0.8748480156254586,85.57,0.45125831201672556
74,86.684,0.8891687704169232,84.51,0.49293042838573453
75,87.248,0.8771091637099185,85.92,0.4444099754095078
76,87.096,0.8846591642445616,86.53,0.4257222218811512
77,86.98,0.8850794085456283,84.66,0.46695667147636416
78,86.964,0.8841430025027536,82.25,0.5881180503964424
79,87.03,0.8842991305434186,86.51,0.41423495337367056
80,87.33,0.8714566360349241,83.29,0.4931307217478752
81,87.238,0.8751308312806327,85.26,0.4783300541341305
82,87.346,0.871048557331495,85.86,0.43674761429429054
83,87.276,0.8782048239122571,83.18,0.5107960870862007
84,87.352,0.8727256783743953,85.92,0.41641889929771425
85,87.176,0.8835793889087179,84.03,0.48686485081911085
86,87.064,0.8881993062051056,85.33,0.44798225954174997
87,87.07,0.8850223452538786,86.14,0.4180492863059044
88,87.43,0.8716148506954807,83.26,0.5065564189851284
89,87.242,0.8783966545253763,85.6,0.43378860741853714
90,87.366,0.8721056685728186,85.47,0.46376214176416397
91,87.15,0.8826630828935472,83.57,0.4905913633108139
92,87.532,0.8709129967043162,87.0,0.4036825577914715
93,87.212,0.8814567406768994,85.61,0.4346197386085987
94,87.508,0.878118280711991,82.78,0.5612892752885819
95,87.378,0.8782893082369929,86.46,0.4114730341732502
96,87.66,0.8715352057800878,86.9,0.3987285754084587
97,87.678,0.8628481192052212,86.06,0.46871470153331757
98,87.564,0.8672483031402158,85.79,0.46060293465852736
99,87.374,0.8657702160308428,84.76,0.4634788230061531
100,87.094,0.8789289973276045,83.85,0.48410911053419114
101,87.254,0.8774872385632352,85.38,0.4553123691678047
102,87.522,0.8686569531250488,86.5,0.4047236892580986
103,87.462,0.8690689730522273,86.16,0.41254289463162425
104,87.376,0.871767949722612,83.88,0.5201066347956658
105,87.63,0.8676396628170062,84.11,0.46122631669044495
106,87.736,0.861541379443215,87.08,0.4005743215978146
107,87.66,0.8646527554677881,84.96,0.45352989703416824
108,87.536,0.8706962182698652,83.67,0.501155985891819
109,87.702,0.8709647431397987,81.26,0.6061378726363182
110,87.388,0.8766438383275591,82.79,0.5975158095359803
111,87.674,0.8721254876507517,85.26,0.4424045713245869
112,87.914,0.8593357371552216,84.81,0.4768409824371338
113,87.836,0.8560237899765639,86.07,0.44989166021347043
114,87.898,0.8563702202514004,83.71,0.5158878648281098
115,88.09,0.849702511144721,84.96,0.5023245088756084
116,87.738,0.8580881425791689,86.06,0.4348971964418888
117,87.906,0.8546224596250392,85.18,0.47774426504969597
118,87.556,0.8686290883347202,86.24,0.41955715507268904
119,87.786,0.8636014659691345,85.6,0.43901488825678825
120,87.87,0.8626379907283637,82.81,0.5214407664537429
121,87.84,0.867757554401827,83.45,0.5278102710843087
122,87.48,0.8743036012820271,85.53,0.4502927504479885
123,87.792,0.8600398509398751,86.48,0.42051437228918076
124,87.866,0.8595006747928726,86.52,0.42869570702314375
125,87.812,0.8512324785332546,85.42,0.44148831129074095
126,87.666,0.863112657881149,85.26,0.5374657914042473
127,87.844,0.8603570552738121,85.41,0.44979762703180315
128,87.836,0.8624899922429449,86.29,0.4358830887079239
129,87.9,0.8636253116380833,85.86,0.4471791234612465
130,87.71,0.8670238373834459,85.17,0.47429761439561846
131,87.92,0.8570284163555526,85.83,0.43037215128540995
132,88.17,0.8497820784673666,85.37,0.4631783278286457
133,87.95,0.8573569545660482,85.93,0.4448446337878704
134,87.984,0.8576018746246767,84.33,0.49072461321949956
135,87.658,0.8654941007914141,86.65,0.40974513605237006
136,87.814,0.8644799393461183,85.06,0.46976777374744416
137,87.946,0.8587752556252053,86.31,0.4322144949436188
138,88.122,0.8527079366357125,86.4,0.4104983361065388
139,88.086,0.8520709443885042,85.96,0.433850769251585
140,87.904,0.8637266601138103,84.97,0.45977566301822664
141,87.91,0.8581653528506189,85.89,0.43841664865612984
142,87.856,0.8621650879340403,84.56,0.48529938906431197
143,87.85,0.8689915091180436,85.91,0.4402967396378517
144,87.92,0.859728486184269,87.03,0.3968450376391411
145,88.106,0.8561721000525043,86.39,0.4179628674685955
146,87.93,0.8596397476732883,86.55,0.42014888405799866
147,88.02,0.8553471981412004,86.1,0.43137454509735107
148,87.844,0.8620091576100616,85.17,0.4917948693037033
149,88.108,0.8531894362186228,85.25,0.4440526217222214
150,93.148,0.6916450894702121,90.9,0.2868441189080477
151,94.562,0.6322162091884467,91.31,0.27782588683068754
152,95.168,0.5979947960742599,91.55,0.275009880438447
153,95.57,0.5708145163858028,91.63,0.2751597711443901
154,95.992,0.546534339180383,91.79,0.27409652769565584
155,96.156,0.5276808790538622,91.96,0.2764811453223228
156,96.478,0.5075891383773531,91.83,0.27951717376708984
157,96.708,0.4902384723238933,92.05,0.276909948810935
158,96.796,0.47581491133441095,91.99,0.28458842150866986
159,96.902,0.4610265310463088,91.76,0.300928765386343
160,97.086,0.4475954253502819,92.07,0.28835946179926397
161,97.328,0.43368474815202795,92.21,0.2974492069333792
162,97.274,0.423259534265684,92.58,0.287130441814661
163,97.456,0.4125748804158262,92.35,0.2905621099472046
164,97.504,0.4047866861533631,92.56,0.30086429350078103
165,97.504,0.3940848590010572,92.59,0.2835280752927065
166,97.714,0.38297028820532975,92.16,0.30271677240729333
167,97.724,0.3790494269879578,91.99,0.3029540669173002
168,97.686,0.3711265335454965,92.64,0.29718603037297725
169,97.79,0.3649332316787651,92.27,0.304121480062604
170,97.856,0.35799067839027365,92.08,0.3234719777107239
171,97.836,0.35261704100062474,92.4,0.2998373989015818
172,97.926,0.34653272142495645,92.09,0.3234804385155439
173,97.848,0.3434028107187022,91.55,0.34972907923161983
174,98.024,0.33754127562198494,92.31,0.3076969441771507
175,97.972,0.3311994812830025,92.38,0.3081741812825203
176,98.07,0.32766819274638925,91.91,0.3577674113959074
177,98.074,0.3239148288126797,92.14,0.34133333034813407
178,98.204,0.31702679167013337,91.57,0.3568380656093359
179,98.102,0.31518596281176026,91.83,0.3411354100704193
180,98.206,0.3111359627960283,92.07,0.33254663154482844
181,97.956,0.3137551076576838,92.12,0.29579779773950576
182,98.216,0.30505683919048066,92.11,0.3330735714733601
183,98.106,0.30648223038219735,92.35,0.30573963053524494
184,98.198,0.2992862983585319,91.59,0.35459591411054137
185,98.19,0.2976494529820464,92.11,0.31022201605141164
186,98.08,0.2989791715541459,91.95,0.3352215936034918
187,98.258,0.29238701430732944,91.91,0.348157131113112
188,98.344,0.2883182345601299,91.13,0.44244118556380274
189,98.264,0.2864517484174665,92.04,0.35915075305849314
190,98.316,0.2858549895722543,91.99,0.3469310589134693
191,98.296,0.28207378417177276,91.48,0.36072510428726673
192,98.334,0.2808864056835394,92.44,0.3283126822113991
193,98.156,0.2844338699451188,92.19,0.33650150693953035
194,98.254,0.2785386624543563,91.64,0.3766941078007221
195,98.4,0.27480309915816997,91.87,0.34538517966866494
196,98.288,0.27397806012569487,91.79,0.3458620089292526
197,98.384,0.2746853349382615,91.95,0.3246068960800767
198,98.282,0.2737523225491004,92.23,0.30027231492102147
199,98.294,0.2718679560419848,92.05,0.3162735078111291
200,99.32,0.24480629710437696,92.97,0.3367717869579792
201,99.438,0.23908785907813654,92.99,0.34233155127614734
202,99.522,0.23576499990490088,92.79,0.3597385675087571
203,99.588,0.2341895827551937,92.99,0.3596367444097996
204,99.566,0.23254649001923974,92.91,0.3703124245256186
205,99.654,0.23054891584626855,92.96,0.37731941618025305
206,99.668,0.22936433424120364,93.01,0.3840239074453711
207,99.652,0.22880792240505024,93.12,0.3807032361254096
208,99.7,0.22719807873296616,92.98,0.3884421395137906
209,99.72,0.22607682671998164,92.95,0.39988440804183484
210,99.728,0.22541882776085984,93.06,0.40010035132989286
211,99.714,0.2251325813705659,92.95,0.4049182844534516
212,99.72,0.2242271075468234,92.93,0.4072715827077627
213,99.746,0.2226526180801489,92.89,0.41739883199334143
214,99.768,0.2220364182120394,92.88,0.4140867178887129
215,99.714,0.2226982530959122,93.01,0.4052205318212509
216,99.76,0.2210804052517542,92.95,0.4131312382593751
217,99.768,0.2203047547651374,92.91,0.41465470016002653
218,99.786,0.219336749114039,92.86,0.41729005955159665
219,99.746,0.21900274983757292,92.85,0.4153060519695282
220,99.77,0.21877385889325301,92.92,0.42730546317994594
221,99.784,0.21774918805150426,93.0,0.42278384786099193
222,99.794,0.21697032825111429,92.91,0.4279826916754246
223,99.782,0.21677447939315414,92.97,0.4193586062639952
224,99.812,0.21548253149175278,92.89,0.43742216700688
225,99.778,0.2154276918648454,92.93,0.42857327837496995
226,99.802,0.21447651701814988,92.82,0.42699272736907007
227,99.794,0.2144353342102007,92.78,0.4413738600537181
228,99.84,0.2129683531534946,92.9,0.44305692840367555
229,99.824,0.21235800494470863,92.89,0.4439253381639719
230,99.802,0.2125301287912042,92.91,0.44020863704383373
231,99.818,0.2115260082894884,92.62,0.44483190421015023
232,99.838,0.21063566005900694,92.74,0.43825137726962565
233,99.822,0.21062601348170845,93.03,0.4374207105115056
234,99.81,0.21050867464993617,92.99,0.43986985124647615
235,99.848,0.20979835005367503,92.92,0.4448608063906431
236,99.824,0.20891713429137568,92.83,0.44074528373777866
237,99.808,0.20887408678031638,93.02,0.4314873693138361
238,99.828,0.2079676257451172,92.95,0.42988515805453065
239,99.834,0.20731629797107423,92.9,0.44612266574054954
240,99.808,0.20760110862877057,92.92,0.45307729378342626
241,99.8,0.20699485248464453,92.83,0.44920749582350256
242,99.818,0.20624279480456087,92.9,0.4402657309919596
243,99.822,0.20544175811283424,93.0,0.4469754260778427
244,99.834,0.20534015871832134,92.91,0.4414048829674721
245,99.834,0.20453172937378555,92.72,0.44658645406365394
246,99.83,0.2040224255579512,92.97,0.4432930362969637
247,99.846,0.20330284974154303,92.81,0.44699982084333895
248,99.852,0.20255875919023744,92.97,0.44262384302914143
249,99.844,0.20220639897734308,92.84,0.4482122128084302
