epoch,train_acc,train_loss,test_acc,test_loss
0,19.366,3.334529784329407,27.79,1.8781335067749023
1,26.578,1.9955141532146716,28.94,1.8956121504306793
2,28.352,1.9372631351051428,31.57,1.7417455863952638
3,29.798,1.9190980711251573,31.22,1.8579952561855315
4,31.404,1.8952728942836947,32.97,1.7148422122001648
5,32.492,1.8845777920140026,32.97,1.7651139140129088
6,33.828,1.8726938786104208,31.71,1.7691840195655824
7,33.778,1.8781428763933499,33.3,1.7606435894966126
8,33.65,1.891106419246215,37.52,1.6408202385902404
9,34.48,1.870989030889233,37.36,1.635763282775879
10,34.402,1.8689096589832355,34.56,1.6993196988105774
11,35.184,1.8591128295035009,39.26,1.6340920913219452
12,35.404,1.8730908842647778,37.06,1.650522425174713
13,36.364,1.8522965310479673,40.22,1.6161828887462617
14,36.93,1.8455748957441287,36.14,1.663694578409195
15,37.884,1.842513638689085,34.58,1.78887904047966
16,37.596,1.8518318980551132,41.75,1.5726463210582733
17,38.816,1.8296365115953528,34.6,1.7044420862197875
18,37.884,1.8478639778273795,39.0,1.6082227766513824
19,38.538,1.8372211178855213,40.82,1.5582463252544403
20,38.368,1.8467842099611715,41.94,1.5435817062854766
21,38.758,1.8471715398456738,37.18,1.6969988203048707
22,38.356,1.84801494008135,35.2,1.7170915412902832
23,39.082,1.843018996441151,39.57,1.6316695129871368
24,38.764,1.8439268285356214,42.81,1.5571716523170471
25,39.494,1.824848761948783,40.31,1.6067646956443786
26,39.556,1.8317945677301157,39.69,1.6355460894107818
27,39.034,1.8541531928664887,40.46,1.5921616661548614
28,39.276,1.8348942089568623,40.88,1.5730784058570861
29,39.75,1.8289297755112124,38.87,1.6527021360397338
30,39.19,1.8449668591589574,40.27,1.5910730230808259
31,40.418,1.8187278499993522,40.41,1.5652766478061677
32,39.892,1.828472790205875,40.73,1.5655102550983429
33,39.076,1.8560732203676267,41.8,1.549358766078949
34,40.162,1.8241404108988963,40.71,1.639226224422455
35,39.88,1.8313671515115997,39.4,1.5997254550457
36,39.402,1.8478895434943001,40.11,1.5794004714488983
37,39.9,1.826910431732607,37.99,1.6907434689998626
38,39.264,1.841328889817533,39.12,1.6206828939914704
39,39.328,1.845070575814113,37.31,1.6849145197868347
40,39.656,1.832773465634612,40.48,1.6053769493103027
41,40.67,1.8212802446711704,39.37,1.6240393459796905
42,40.186,1.8304729580574328,40.76,1.615538376569748
43,39.996,1.8325657304900382,42.28,1.5396586096286773
44,40.502,1.8168364501060428,42.74,1.5610261046886444
45,39.384,1.8435425941291672,36.69,1.8156183505058288
46,40.846,1.81925991581529,38.41,1.6547318732738494
47,40.3,1.828015180195079,43.89,1.545562092065811
48,40.676,1.8275817394866358,40.37,1.6601640129089354
49,40.232,1.834875444926874,36.37,1.711069097518921
50,40.488,1.8285527055525719,42.39,1.5456221914291381
51,40.47,1.8290991273987325,41.41,1.5723400223255157
52,40.324,1.8252832078567856,34.51,1.7510655736923217
53,40.394,1.827475974017092,43.09,1.566389057636261
54,40.22,1.8258528785632395,45.23,1.5037869119644165
55,38.652,1.8619745265492393,38.25,1.6487703597545624
56,40.004,1.8335254158815155,41.19,1.606648814678192
57,39.542,1.8533828258514404,43.42,1.5361406683921814
58,40.114,1.8287724162001744,39.07,1.7020710408687592
59,40.168,1.83067880323171,41.04,1.5900310599803924
60,40.02,1.8294029342548928,40.31,1.5945825850963593
61,39.896,1.8313581172157736,41.36,1.5858913934230805
62,39.208,1.8522886333563138,41.04,1.559917347431183
63,39.558,1.8402271398802852,37.18,1.7293135237693786
64,39.892,1.83339573843095,43.76,1.5663163268566132
65,39.268,1.846590270776578,43.88,1.5202927052974702
66,39.442,1.8419514796922885,43.76,1.5286089527606963
67,39.836,1.8244693828055927,42.92,1.5452568566799163
68,39.914,1.8298193432790848,40.38,1.608270424604416
69,39.98,1.8281500927932428,40.98,1.6447333884239197
70,39.052,1.8546184834921757,44.34,1.5531703102588654
71,39.976,1.8249717709963278,39.82,1.6063070738315581
72,39.932,1.827779400988918,40.24,1.5996385252475738
73,39.484,1.8465792352281263,43.21,1.5586259841918946
74,37.048,1.9001089910716962,41.16,1.5830613958835602
75,39.262,1.8374157662281905,41.23,1.595501687526703
76,39.784,1.8349177867860136,41.55,1.5936319613456726
77,39.798,1.8354514422624006,44.33,1.5043771016597747
78,39.022,1.847489181077084,34.3,1.7574083244800567
79,38.964,1.8402399007621628,42.88,1.5569264888763428
80,39.758,1.83826894558909,43.04,1.5172927236557008
81,39.482,1.830677962059255,40.64,1.6156940281391143
82,39.488,1.836757414481219,35.17,1.7217977154254913
83,40.446,1.8273977437592528,42.78,1.5427643823623658
84,39.076,1.8501443326320794,42.14,1.543822433948517
85,38.5,1.8478767332213615,36.11,1.6473819530010223
86,38.246,1.8569196813246782,43.23,1.5688445270061493
87,38.296,1.8605700618470722,40.07,1.6234157824516295
88,39.516,1.8253673049799926,39.69,1.6196202147006988
89,39.588,1.8358589288828624,29.06,1.970537518262863
90,37.51,1.88432399848538,43.07,1.5832074630260466
91,39.324,1.8378192485141023,39.46,1.5799570667743683
92,39.03,1.8411904039895137,37.57,1.676604323387146
93,39.504,1.8344814716397648,37.8,1.761469122171402
94,37.686,1.867909876586836,41.78,1.5736937725543976
95,38.268,1.8502741323407654,41.16,1.6102732372283937
96,38.858,1.8429479693512782,43.24,1.5587710762023925
97,39.394,1.835782061147568,41.73,1.6256717181205749
98,39.314,1.840822151859703,41.31,1.5716278958320617
99,39.038,1.841732500154344,37.99,1.654864376783371
100,40.062,1.8280153064166798,41.09,1.5769498014450074
101,39.494,1.8371410991834558,40.15,1.6568875074386598
102,39.314,1.8485885779266162,41.15,1.5869513046741486
103,38.648,1.8671995355649982,39.34,1.608077609539032
104,39.016,1.834939597512755,35.95,1.6576142847537993
105,39.346,1.843693592359343,38.39,1.6640852224826812
106,38.792,1.8763615036254648,37.56,1.746885302066803
107,32.476,2.1967098874509183,30.61,1.7817634749412536
108,33.416,1.9673804898396172,33.11,1.7374452137947083
109,35.826,1.8692341164859665,37.6,1.6255481266975402
110,35.116,1.8879177756321706,33.55,1.7935894536972046
111,34.672,1.8774940476698034,36.92,1.6595448672771453
112,35.57,1.870309956848164,36.21,1.720838302373886
113,36.074,1.8534761554444843,38.52,1.6583646285533904
114,36.076,1.8549143353386608,37.52,1.661989916563034
115,35.938,1.8669097228428286,36.24,1.741854498386383
116,36.208,1.8543595170121059,34.04,1.697986706495285
117,35.394,1.8721489125810316,37.55,1.6599875402450561
118,36.658,1.8551426433846163,36.8,1.6853293585777283
119,35.802,1.8625063627882077,37.8,1.660741193294525
120,35.604,1.8650412681462514,39.46,1.6300965237617493
121,36.256,1.858193796309059,36.26,1.691485949754715
122,36.782,1.854734912552797,38.74,1.6366075575351715
123,36.89,1.8488758662167717,39.71,1.6421072041988374
124,36.78,1.8502921259311764,38.78,1.6759723806381226
125,36.344,1.8581528044722575,39.25,1.6533139741420746
126,36.094,1.868282303785729,37.37,1.7097208428382873
127,36.298,1.860084764487908,34.57,1.7407920014858247
128,36.604,1.8598015540091277,38.31,1.6365560650825501
129,36.298,1.8679276951743513,37.61,1.673688875436783
130,36.324,1.865200732370167,39.03,1.6579703962802887
131,36.206,1.876323468544904,38.14,1.6509555959701538
132,36.772,1.8528484417044597,38.83,1.6843647873401641
133,37.06,1.8534708120633878,39.8,1.634999417066574
134,36.644,1.8612599074078338,35.3,1.7644766056537629
135,37.124,1.8502821958888218,38.39,1.63619002699852
136,36.628,1.8541835540395868,34.89,1.7276198863983154
137,36.798,1.8590943438317769,40.91,1.6125632286071778
138,36.556,1.8559183217680362,38.48,1.678081407546997
139,36.57,1.8607832918996396,40.34,1.6238998365402222
140,36.906,1.8530505520608418,40.17,1.6517971456050873
141,36.786,1.8623752767777504,40.15,1.6448731195926667
142,36.882,1.8554517597798497,39.24,1.6824229121208192
143,36.606,1.8575144628124773,39.89,1.6477350008487701
144,37.03,1.854289787809562,41.12,1.6332247626781464
145,36.852,1.8607496227449773,40.8,1.6239459931850433
146,36.75,1.862036934289176,38.8,1.6293921387195587
147,36.67,1.857561785546715,38.98,1.6407696866989137
148,36.974,1.8521426772827383,39.76,1.6409772837162018
149,36.992,1.8467303261427623,36.59,1.6520012152194976
150,42.7,1.7181885586980055,43.75,1.5339804232120513
151,43.478,1.6868656712114964,44.34,1.5131926798820496
152,43.932,1.6797250994026203,44.94,1.5043287479877472
153,44.52,1.666177234381361,44.43,1.4906262230873109
154,44.412,1.6681736158897809,45.99,1.4707075130939484
155,44.662,1.6685957091543682,44.73,1.4873466193675995
156,45.2,1.6559860175832763,45.59,1.5112219965457916
157,45.13,1.6550537393526044,47.41,1.4443826568126679
158,45.092,1.6570257427137527,45.89,1.4680469596385957
159,45.324,1.6541767864276076,47.39,1.451191656589508
160,45.474,1.652721927294036,46.84,1.4557014095783234
161,45.54,1.6484469178387575,47.07,1.4446480345726014
162,45.708,1.6441554382938863,46.23,1.4772110092639923
163,45.622,1.6503404436818778,47.91,1.4468897676467896
164,45.57,1.6466161537048456,47.12,1.4530201375484466
165,45.874,1.6488699824608806,47.6,1.444611988067627
166,45.67,1.6474838936725236,46.53,1.4656485271453858
167,46.012,1.6432678717786393,46.47,1.451194497346878
168,46.21,1.6387893382240744,45.88,1.4842574989795685
169,46.156,1.64133719410128,47.5,1.4361616885662079
170,45.692,1.6491574683152805,47.83,1.4287887191772461
171,46.176,1.6414557195380521,43.95,1.5335310971736908
172,46.29,1.6347695375647386,46.03,1.46183785200119
173,45.936,1.6407936954742197,47.51,1.4266288232803346
174,45.82,1.6492558202475234,48.21,1.4301917052268982
175,46.358,1.6396312817283298,47.64,1.4269859647750855
176,46.296,1.6350812393686045,47.86,1.425171148777008
177,46.24,1.6400359048867774,47.4,1.4351117134094238
178,46.536,1.633952015196271,48.44,1.4164940512180328
179,46.64,1.634763569783067,48.83,1.4153864359855652
180,46.556,1.629527534060466,48.48,1.4145378983020782
181,46.21,1.6408578081204153,46.76,1.4503599548339843
182,46.54,1.6304509039120296,48.56,1.4116048002243042
183,46.236,1.64285114567603,45.57,1.4571247816085815
184,46.548,1.6349920378926466,47.7,1.4252910041809081
185,46.432,1.6362486422214362,47.76,1.4341742670536042
186,46.854,1.6289349498651218,48.86,1.4063431346416473
187,46.84,1.627620203720639,47.86,1.4257562029361726
188,46.568,1.6371826970058938,47.28,1.4325755715370179
189,46.764,1.629954091423308,49.01,1.3990841495990753
190,46.862,1.6326464667649525,47.81,1.4163168597221374
191,47.164,1.6304315106033365,49.06,1.400363278388977
192,46.822,1.628851010671357,47.66,1.445910986661911
193,46.834,1.6270131052607466,48.61,1.4084687566757201
194,46.384,1.6402107718045755,49.12,1.4151257526874543
195,47.206,1.6247509629525188,49.65,1.398320266008377
196,47.278,1.6256520324350927,48.24,1.4116152691841126
197,46.954,1.6301635348278543,47.61,1.432327880859375
198,46.92,1.6279170372906853,48.18,1.4212291300296784
199,47.224,1.6244122186280272,48.68,1.4115726304054261
200,49.518,1.5727462356962512,50.4,1.3623961627483367
201,49.796,1.5630958421760812,50.39,1.365161920785904
202,49.82,1.5629763719066025,50.87,1.3566598439216613
203,49.94,1.5560845795189937,50.92,1.353499608039856
204,49.888,1.5560739994658839,50.45,1.3587348437309266
205,49.97,1.5592443821070445,50.88,1.3543485891819
206,50.364,1.554361659547557,51.13,1.353708462715149
207,50.018,1.5581410297042573,51.17,1.3510845386981964
208,50.014,1.5542599164006654,51.38,1.3440144622325898
209,50.278,1.5536098172292685,51.04,1.3523625755310058
210,50.11,1.5527220226614677,50.64,1.355995361804962
211,50.286,1.551952502916536,51.35,1.3495956897735595
212,50.02,1.5537181897541446,50.99,1.346296364068985
213,49.898,1.5559671336732557,51.3,1.34188121676445
214,50.42,1.5512143007629668,51.36,1.349539840221405
215,50.424,1.55119022566949,51.71,1.3440886175632476
216,50.094,1.5547212679367846,50.88,1.357080228328705
217,50.436,1.5482564066986904,51.3,1.3476512944698333
218,50.526,1.5535840524736877,50.9,1.351523712873459
219,50.498,1.550191155479997,51.35,1.3493770623207093
220,50.464,1.550875395155319,51.85,1.3373540377616882
221,50.26,1.5499574080147707,51.37,1.346200556755066
222,50.432,1.5505941905024108,51.23,1.351971195936203
223,50.438,1.546026498765287,51.25,1.3476378118991852
224,50.29,1.550162483359237,51.22,1.343757426738739
225,50.394,1.5514530269691096,51.29,1.3414604461193085
226,50.498,1.547168783519579,51.5,1.3419387090206145
227,50.58,1.5485211568110435,51.06,1.3462952721118926
228,50.336,1.548553378685661,51.13,1.3526048541069031
229,50.566,1.5494211268851825,51.4,1.3438253915309906
230,50.356,1.5521706934170345,50.61,1.3446492457389831
231,50.516,1.54938242837901,51.4,1.3431651043891906
232,50.36,1.5483362186900185,51.05,1.3430057072639465
233,50.598,1.5420249231026302,51.0,1.3559287405014038
234,50.618,1.5454912621651768,50.6,1.3594264674186707
235,50.626,1.5465720007791544,51.72,1.3375835037231445
236,50.298,1.5498763789301333,51.06,1.351109424829483
237,50.704,1.5436155671048957,51.7,1.3356712806224822
238,50.594,1.5412856245894566,50.92,1.3490659976005555
239,50.41,1.544365200850055,51.24,1.3414434778690338
240,50.548,1.5473506481141386,51.7,1.3362500178813934
241,50.564,1.5444513028844848,51.81,1.3381775963306426
242,50.39,1.548530108178668,51.93,1.333627245426178
243,50.588,1.543773171541941,51.3,1.3364039909839631
244,50.8,1.5431043055966078,50.67,1.3526616704463958
245,50.672,1.5475457580498113,51.16,1.3495156919956208
246,50.382,1.5488141701959284,51.68,1.3333973598480224
247,50.632,1.5479171431582908,51.15,1.33824565410614
248,50.756,1.5423472427651095,51.46,1.339774271249771
249,50.38,1.5473791333415625,51.6,1.3438565230369568
