epoch,train_acc,train_loss,test_acc,test_loss
0,24.402,2.165567563927692,38.79,1.6426209700107575
1,42.636,1.7001488553288648,48.14,1.424470603466034
2,53.164,1.4432981880119695,59.91,1.1241931056976318
3,61.448,1.2433786980636286,64.52,1.0138908076286315
4,66.606,1.1223802851594014,70.19,0.8690361279249191
5,71.156,1.012622813434552,71.87,0.822517459988594
6,73.638,0.9646670952477419,75.13,0.7489324367046356
7,76.022,0.920293046690314,75.41,0.730317317545414
8,77.64,0.8931093679364684,78.75,0.6185028487443924
9,78.734,0.879002295644082,79.6,0.6235950589179993
10,79.97,0.8592517257041639,77.98,0.6475286385416985
11,80.966,0.8491292260491939,80.32,0.595963536798954
12,81.396,0.8444179714183369,79.58,0.6170666629076004
13,82.14,0.8377889792632569,80.66,0.5889601320028305
14,82.656,0.8334193865356543,81.37,0.543272996544838
15,83.05,0.8368318498591938,81.81,0.5385280078649521
16,83.948,0.8222583599407655,81.43,0.5746246612071991
17,84.274,0.8205228960117721,80.27,0.6053769519925117
18,84.268,0.8286647449064133,82.24,0.5291705769300461
19,84.804,0.8251480903771832,82.7,0.5101345425844193
20,85.414,0.8169756377749431,80.63,0.5929300770163536
21,85.412,0.8271048562910855,84.21,0.47794313222169876
22,85.878,0.8249684011234957,81.99,0.5593953734636307
23,85.686,0.8356569636508328,83.78,0.5013336387276649
24,86.806,0.810196391151994,83.75,0.5047372490167618
25,86.726,0.8134506515529759,83.38,0.5474244955182076
26,86.962,0.8135118217724363,84.19,0.5240260565280914
27,86.834,0.8191916642286589,83.36,0.4949062514305115
28,87.13,0.8191106790471869,83.37,0.5198917689919472
29,87.376,0.8137259233333266,83.67,0.48847105413675307
30,87.48,0.8158807070054057,84.54,0.47813045620918276
31,87.452,0.8171966992070913,85.7,0.438203344643116
32,87.778,0.8152120271912011,85.13,0.45663525551557543
33,87.834,0.8141356092279829,85.41,0.4488681334257126
34,87.974,0.8090656036915986,83.65,0.5140079000592231
35,88.136,0.8072993869671736,84.97,0.4776589572429657
36,88.204,0.808845025041829,83.44,0.5466733825206757
37,88.084,0.8167860277778353,85.72,0.4542534348368645
38,88.736,0.8046955412915905,86.29,0.43847824037075045
39,88.306,0.8179909021348295,85.65,0.45975500613451004
40,88.93,0.7973741718265407,85.06,0.4670679369568825
41,88.874,0.8048969089527569,85.78,0.43758167430758477
42,89.124,0.7968665083960804,86.43,0.44332281455397604
43,89.004,0.8010722558821559,84.95,0.46827383026480673
44,89.136,0.7972159210373374,85.15,0.4539196112751961
45,89.152,0.7975897304237346,85.67,0.459339586943388
46,89.346,0.7968093940364126,86.05,0.45986959248781206
47,89.162,0.8020933253685837,85.68,0.4568917980790138
48,89.614,0.790443519039837,86.35,0.4397140945494175
49,89.408,0.7936863109583745,84.94,0.46232526779174804
50,89.56,0.799159385968962,86.06,0.42913229525089264
51,89.684,0.7987721348967394,86.19,0.45847086027264594
52,89.632,0.7957844606140996,85.1,0.4595552060008049
53,89.994,0.7845879486759605,85.34,0.48134109765291216
54,89.818,0.7921477850440823,86.15,0.45669427767395976
55,89.902,0.7917848915395225,85.79,0.4607342582941055
56,89.842,0.7924429605074246,85.52,0.442112787514925
57,90.018,0.7889843526703623,87.84,0.3928835338354111
58,90.232,0.784942540518768,86.58,0.43230423048138616
59,89.928,0.7911643887419835,86.65,0.41894598260521887
60,90.118,0.7898744071840935,86.46,0.4347157546877861
61,90.154,0.7892227971645267,86.7,0.4068142284452915
62,90.2,0.7852805602885878,88.24,0.38842793837189676
63,89.994,0.7946825077771531,86.68,0.4189613091945648
64,90.358,0.7895662075723223,86.64,0.4150101158022881
65,90.396,0.7880886491302335,86.43,0.4441558267176151
66,90.188,0.7916857681006116,86.08,0.44309704601764677
67,90.312,0.7924207121210025,85.31,0.4477968709170818
68,90.348,0.7885179752888887,86.5,0.42146689936518666
69,90.454,0.7834163009358184,86.27,0.4336665903031826
70,90.234,0.7910431907000139,86.57,0.427219026684761
71,90.274,0.7926286254697443,86.71,0.4136328159272671
72,90.534,0.7881090822427169,85.19,0.504691402465105
73,90.508,0.7905886308921267,86.53,0.43343582227826116
74,90.418,0.7907951882733103,87.26,0.4115481212735176
75,90.496,0.7886310184703154,87.84,0.37747918128967284
76,90.766,0.7816759686335883,87.99,0.4014525504410267
77,90.736,0.7848625782200748,87.13,0.414389131963253
78,90.632,0.7849135900397435,84.6,0.4573598490655422
79,90.784,0.7826078805472235,88.38,0.38798922404646874
80,90.944,0.7763999923110922,88.08,0.36783309757709504
81,90.872,0.7779726581195431,86.58,0.43368436977267266
82,90.916,0.7758259729046346,87.63,0.4079206623136997
83,90.49,0.7874402769691194,86.06,0.4482194857299328
84,90.914,0.7840853504207738,87.68,0.384610151052475
85,90.54,0.7908073665235963,86.7,0.43320058852434157
86,90.97,0.7827442046016684,86.98,0.4158601960539818
87,91.148,0.7767406415451518,87.21,0.46188303783535956
88,90.858,0.7834016383456452,88.0,0.3883623994886875
89,91.002,0.7817867439421241,87.01,0.40520259872078895
90,90.612,0.7930779854964722,84.7,0.563123417198658
91,91.038,0.7850498608920885,86.95,0.42926618039608
92,91.122,0.7854905131527835,86.93,0.43476857110857964
93,90.922,0.7922161322115632,88.09,0.3734129644930363
94,91.116,0.7875174474533256,86.56,0.43807957142591475
95,91.104,0.781507661123105,87.38,0.4340604862570763
96,91.312,0.7743144250281936,87.03,0.45091043576598167
97,91.162,0.7843300858726892,86.89,0.40762702584266663
98,91.206,0.7757032874904936,86.77,0.43169849172234537
99,91.104,0.7783925575978311,87.16,0.41306272849440573
100,91.092,0.7827963415923935,86.68,0.4121549642086029
101,91.23,0.7757035698122381,87.92,0.3967417401075363
102,91.152,0.7769540087951113,87.03,0.40875536993145944
103,91.294,0.772781323136576,87.85,0.3738341191411018
104,91.272,0.7699423363751463,86.38,0.4509733994305134
105,91.284,0.7711298391032402,87.28,0.4182780584692955
106,91.052,0.7767048796729359,87.48,0.3937837083637714
107,91.652,0.760958877823237,86.6,0.44352316290140154
108,91.704,0.7598911308876389,87.13,0.40317526772618295
109,91.594,0.762964077312928,85.15,0.4726184771955013
110,91.58,0.7630452541134242,87.56,0.4246466195583343
111,91.782,0.7603553321660327,87.3,0.4081409318745136
112,91.872,0.7581008245877903,87.3,0.391927952170372
113,91.758,0.758546193847266,87.52,0.39853287309408186
114,91.352,0.7654034039553474,87.88,0.3978277078270912
115,91.562,0.765916262136396,87.75,0.39359757244586946
116,91.274,0.772612080854528,86.04,0.46583012342453
117,91.696,0.7611701570813308,87.87,0.4081274861097336
118,91.644,0.763284394350808,87.62,0.4045994605123997
119,91.466,0.7676576904933471,88.43,0.4153746557235718
120,91.43,0.770827899808469,86.96,0.45486374869942664
121,91.614,0.7650300127161128,87.15,0.4189415109157562
122,91.694,0.7653060688082215,87.84,0.41166552498936654
123,91.56,0.7662922464063405,87.54,0.4190067334473133
124,91.59,0.7665239381973091,87.54,0.4015271647274494
125,91.664,0.7644844216763821,87.56,0.40131518319249154
126,91.4,0.7749368277047296,87.51,0.41014846965670587
127,91.59,0.7675713716870378,87.5,0.408741208165884
128,91.648,0.7634168213895519,87.17,0.41998924285173417
129,91.668,0.7634544646953378,86.55,0.48432271167635915
130,91.88,0.7567306380442647,87.4,0.40765312775969503
131,92.058,0.747795555597681,87.86,0.38006681874394416
132,91.894,0.7520386876962374,87.16,0.4508093422651291
133,91.898,0.7551200209981035,86.46,0.4431570962071419
134,91.694,0.7589400727730578,87.29,0.44671468406915665
135,92.03,0.7540198986792503,88.15,0.377872214615345
136,92.104,0.7505149547096408,86.44,0.4223477925360203
137,91.806,0.7554168320068008,87.76,0.3821938480436802
138,91.85,0.7557770114420624,87.64,0.3813325588405132
139,91.822,0.7540514405121279,86.36,0.42503790944814684
140,91.968,0.7514419240110061,87.4,0.406692371070385
141,92.25,0.7416463913515096,86.97,0.44145473644137384
142,91.938,0.7506024300899652,86.5,0.44887972965836526
143,91.968,0.7515519116540699,87.51,0.4365997210144997
144,91.87,0.7542482744092527,88.13,0.39568123370409014
145,91.976,0.7525338355232688,88.18,0.4045612071454525
146,91.754,0.7561751690971882,86.57,0.4598505033552647
147,91.85,0.7614592502793998,87.77,0.38160516783595083
148,92.154,0.7452231084599215,88.4,0.44520050793886184
149,92.106,0.7474107071566765,87.1,0.47876274570822713
150,95.554,0.6361559089797232,90.99,0.313304203376174
151,96.894,0.5910538140770114,91.48,0.3226237579807639
152,97.404,0.5706804957231293,91.45,0.3204525649547577
153,97.664,0.55572607534011,91.69,0.3245562614500523
154,97.844,0.541215409022158,91.74,0.32875840097665787
155,98.068,0.5304333421275439,92.1,0.32052433922886847
156,98.268,0.518279869233251,92.05,0.33034009134396913
157,98.34,0.508962098823484,92.23,0.33161434330046174
158,98.5,0.49866476662628484,92.31,0.33853539887815715
159,98.65,0.4863303440915959,92.35,0.36005772933363916
160,98.714,0.47940820752812163,92.33,0.3385600633174181
161,98.72,0.47220218067278946,92.52,0.3634266176074743
162,98.926,0.4625342710853538,92.35,0.3752451961487532
163,98.822,0.457841211725074,92.35,0.36868432063609363
164,99.04,0.4473492756219166,92.35,0.3875578556209803
165,99.032,0.4416596705803786,92.46,0.3984561188519001
166,99.156,0.43260835313126256,92.55,0.40280446618795396
167,99.146,0.42809362858152755,92.47,0.3974708628281951
168,99.17,0.42168440995618817,92.47,0.40132056053727866
169,99.232,0.4150963566644722,92.69,0.404731869623065
170,99.328,0.4072627057809659,92.65,0.41485603995621206
171,99.21,0.40486917318895344,92.46,0.4296698623150587
172,99.38,0.3976779485602513,92.45,0.42040282528847456
173,99.396,0.3911517382887623,92.44,0.42987774714827537
174,99.384,0.38651448274817307,92.45,0.4364919340610504
175,99.438,0.3805792078642589,92.63,0.42970902696251867
176,99.42,0.3763491624913862,92.59,0.4278706475533545
177,99.482,0.3709120956223334,92.52,0.43530066538602114
178,99.442,0.3673775609954239,92.6,0.43640878316015
179,99.498,0.3625440968729346,92.67,0.4391555716842413
180,99.45,0.3580445739466821,92.69,0.4225413012132049
181,99.464,0.35390109456408664,92.89,0.4178733276575804
182,99.56,0.3476935948252373,92.78,0.4529276572540402
183,99.57,0.34373615823133524,92.57,0.4504227615147829
184,99.582,0.33916048290174633,92.44,0.45992074981331826
185,99.584,0.33525617035758465,92.57,0.4750306792929769
186,99.488,0.33413746106959974,92.64,0.45165088221430777
187,99.608,0.32762707583129863,92.58,0.4664856727793813
188,99.582,0.32483429829482835,92.49,0.48379359148442747
189,99.618,0.32019587650018577,92.48,0.48961810730397703
190,99.632,0.31599730794387093,92.52,0.4875230979919434
191,99.602,0.31353516255498237,92.45,0.48957000389695166
192,99.616,0.31002317113644634,92.6,0.45780831087380647
193,99.622,0.30667157170107906,92.38,0.4664596114307642
194,99.596,0.30415975110000354,92.62,0.45900678366422654
195,99.6,0.30081907760761584,92.47,0.4767921231687069
196,99.588,0.29679987711064953,92.51,0.47721511095762253
197,99.572,0.29487178827185767,92.55,0.46819491479545833
198,99.712,0.29006058617930885,92.46,0.48304034855216743
199,99.598,0.2884940021788068,92.75,0.4727433946356177
200,99.788,0.2820630154341383,92.85,0.45830634102225304
201,99.824,0.28101092851375375,92.83,0.46403797313570977
202,99.846,0.2802661940874651,92.79,0.46896369468420745
203,99.87,0.27933510177580595,92.84,0.4712662145495415
204,99.85,0.27889957848717184,92.79,0.4766445138677955
205,99.87,0.2785292283043532,92.87,0.4794300092756748
206,99.866,0.2781452524387623,92.87,0.48088234052062034
207,99.87,0.2777160772734591,92.81,0.4830152673274279
208,99.848,0.27760395575362395,92.79,0.4852202793210745
209,99.884,0.27662337451334806,92.82,0.48328617442399263
210,99.898,0.2762832938100371,92.8,0.49170348163694144
211,99.882,0.27571114440403327,92.84,0.49291823741048574
212,99.878,0.27554066223866497,92.87,0.49786665096879007
213,99.9,0.27476745439917233,92.87,0.5028524202108383
214,99.91,0.2742178929431359,92.92,0.5039964803680778
215,99.874,0.2742972767261593,92.89,0.5042927343770862
216,99.89,0.27418091931306493,92.88,0.5044863064959645
217,99.882,0.27359909337499866,92.93,0.5059324480965733
218,99.882,0.2736720745368382,92.82,0.5024007389321923
219,99.89,0.2728176729758377,92.85,0.509432285502553
220,99.932,0.2718077834762271,92.77,0.5089249217882752
221,99.908,0.27191727667513405,92.77,0.5103866202011704
222,99.9,0.27171410707866445,92.83,0.5129945280775428
223,99.906,0.27093731808235577,92.83,0.5142701445892454
224,99.93,0.2704558631648188,92.83,0.5150189346820117
225,99.91,0.2704992181504779,92.71,0.5215605732053519
226,99.92,0.2698669804026709,92.73,0.522104421928525
227,99.912,0.26973612366429983,92.78,0.5208168561384082
228,99.902,0.2692525494281593,92.71,0.5226013741642237
229,99.92,0.2687587026135086,92.81,0.5232566729933024
230,99.906,0.2690718717434827,92.86,0.5217082927748561
231,99.936,0.26798567549346963,92.72,0.5251333281770348
232,99.91,0.267682219862633,92.75,0.5282123353704811
233,99.892,0.26788294284849823,92.72,0.5294428926706314
234,99.926,0.26721509788042447,92.76,0.5294835765659809
235,99.924,0.2666265871518713,92.73,0.5318766943737865
236,99.934,0.2662707045102668,92.78,0.5313060230016708
237,99.924,0.2664218387183021,92.71,0.5289676251262426
238,99.914,0.26591680536184775,92.69,0.533860858604312
239,99.938,0.26538833587065985,92.73,0.5342388462275267
240,99.922,0.2652008021274186,92.88,0.5342315935716033
241,99.898,0.26516771125976385,92.82,0.5315547978505493
242,99.928,0.2645975326180763,92.83,0.5411245563626289
243,99.928,0.2641169379281876,92.81,0.5372932779043913
244,99.904,0.26424852981591773,92.74,0.5380094830691814
245,99.936,0.2633632422255738,92.88,0.5377903076633811
246,99.922,0.26336332362935977,92.75,0.536636527478695
247,99.938,0.2629130436941181,92.87,0.5360338877141476
248,99.932,0.26261979867430296,92.76,0.5391861667484045
249,99.94,0.2620129326115484,92.79,0.5442204944789409
