epoch,train_acc,train_loss,test_acc,test_loss
0,24.836,2.041293035992576,36.54,1.681462241411209
1,43.336,1.5995567177262757,49.58,1.433799421787262
2,54.05,1.3476266074363532,57.32,1.1802129191160202
3,62.788,1.1307960327933817,62.1,1.0633192491531371
4,68.998,0.9782774451443607,73.52,0.790920575261116
5,72.746,0.8844328926652288,75.38,0.7201831996440887
6,75.426,0.819843961912043,75.5,0.7281663951277733
7,77.972,0.7646194690328729,77.3,0.682682680785656
8,79.502,0.7341677003047046,78.99,0.6169008964300156
9,80.342,0.7180512790637248,80.4,0.5803132283687592
10,81.492,0.6971744773028147,80.13,0.5849014678597451
11,82.292,0.6860531704962406,81.39,0.5482422998547554
12,83.112,0.6720230254675726,82.15,0.5589169034361839
13,83.836,0.66655175452647,82.92,0.522697518914938
14,84.26,0.6626178930939921,82.66,0.5061370666325092
15,84.984,0.6578452510906913,82.84,0.5172051757574081
16,85.134,0.6578765798102865,82.29,0.5298849481344223
17,85.578,0.6560286131051495,82.1,0.5417159923911095
18,85.888,0.6613947438919331,83.63,0.5128634250164033
19,85.976,0.6710641299519697,83.59,0.48409110873937605
20,86.164,0.6719745328969053,83.39,0.5198473958671093
21,86.788,0.6665691617504715,84.01,0.4926838856935501
22,86.59,0.6790282621865382,83.88,0.48954249918460846
23,86.774,0.6830609074943815,84.54,0.46876679301261903
24,87.372,0.6813023395245642,83.18,0.5154130113124847
25,87.514,0.6871011821205354,83.53,0.5167086535692215
26,87.292,0.7035529108913353,84.38,0.4951582671701908
27,87.606,0.7037440914936992,82.09,0.5694925084710121
28,87.462,0.7191275788085235,85.27,0.4712648370862007
29,88.1,0.7101255588214416,85.54,0.447079176902771
30,87.89,0.7191639643191071,83.74,0.4962259748578072
31,87.698,0.7349757370741471,85.03,0.46969922065734865
32,88.088,0.7318870730107397,84.77,0.4585769709944725
33,88.342,0.7364653896187883,85.43,0.4897923351824284
34,88.37,0.7405161346925799,83.61,0.5274140784144401
35,88.186,0.7504785984678342,84.28,0.49976596936583517
36,88.222,0.7600706523031835,83.66,0.5383680510520935
37,88.136,0.7749746231471791,84.52,0.4658123715221882
38,88.45,0.7680524348297997,85.18,0.46024776428937914
39,88.61,0.7753642486489337,84.92,0.47268708050251007
40,88.3,0.7904547673966879,85.99,0.44060960277915
41,88.444,0.7945364113049129,84.37,0.5165233248472214
42,88.54,0.7959539922302031,85.24,0.4856253708899021
43,88.848,0.793036345478214,85.57,0.474874410033226
44,88.52,0.8110580858976945,84.98,0.4995834966003895
45,88.888,0.8098758251770682,85.01,0.49089029401540757
46,88.738,0.8187492931895244,85.07,0.47981363385915754
47,88.88,0.8149603224166518,85.42,0.46293815776705743
48,88.992,0.820622871294046,85.52,0.448540029078722
49,89.01,0.8256916422063433,85.29,0.47579486057162285
50,89.066,0.8291591988195239,84.41,0.5187935210764408
51,89.092,0.8307103860713637,83.9,0.5090990573167801
52,89.038,0.8400714514810411,85.74,0.4866132116317749
53,88.934,0.8431499943403942,84.84,0.488784963786602
54,88.78,0.8607494590227561,84.7,0.527373192757368
55,89.158,0.8520300539253313,84.39,0.4990297609567642
56,88.984,0.8604880360996022,84.66,0.5052503979206086
57,88.96,0.8677921465900548,84.91,0.5086318123340606
58,89.006,0.8780303155369771,85.65,0.5147812685370445
59,89.236,0.8691201678017522,85.48,0.5087222602963447
60,88.942,0.8857454069130256,85.13,0.4620932438969612
61,89.028,0.890336997521198,84.9,0.477136991918087
62,89.098,0.8880327279915285,84.75,0.4924023523926735
63,88.82,0.8990465797426755,84.87,0.514461108148098
64,89.284,0.8927922581162904,84.66,0.5000250615179539
65,88.952,0.9105133342620967,84.81,0.5110519808530808
66,88.972,0.9133075242457183,84.8,0.4891863563656807
67,88.928,0.92404361027281,83.94,0.5066896650195122
68,88.528,0.9394375197113017,84.58,0.5052455896139145
69,88.984,0.9279835929955973,85.2,0.4940269437432289
70,88.722,0.9410023253287196,84.75,0.5080123361945152
71,88.786,0.9405711274927534,84.23,0.5103854295611382
72,89.266,0.9307516592237955,85.09,0.4876217021048069
73,88.954,0.9419152027810626,84.77,0.5077666853368282
74,88.85,0.9509099392634829,85.29,0.4780878466367722
75,88.832,0.9511379947137955,83.05,0.5469631147384644
76,88.71,0.9663343182610123,84.07,0.5233335721492768
77,88.862,0.9617510285523846,84.88,0.49986565932631494
78,88.556,0.977065950403433,83.58,0.5629345548152923
79,88.834,0.9711187565723038,84.9,0.499633436948061
80,88.826,0.966578931912132,86.0,0.46202861234545706
81,89.052,0.9708969402496163,84.84,0.4934350024163723
82,89.256,0.9654713358415667,84.83,0.519169482588768
83,88.678,0.9843708180710483,85.93,0.5054260228574275
84,88.634,0.9911197942236195,85.53,0.4778189940750599
85,88.622,0.9963857075747322,85.22,0.5164417231082916
86,88.626,0.9997071041475476,85.38,0.4749755021929741
87,88.306,1.0125354252507925,84.44,0.5462694504857063
88,88.788,1.0053925986789987,85.69,0.47604506894946097
89,88.886,1.0031232429892205,85.91,0.4646193338930607
90,88.832,1.0056513368016313,85.66,0.5127685937285423
91,88.78,1.0101623399483273,84.19,0.5226294687390327
92,88.478,1.019846619699922,85.43,0.49720958203077315
93,88.91,1.0162427672339827,85.35,0.49524863630533217
94,88.85,1.0201399173882917,84.75,0.5326341940462589
95,88.824,1.0183096874095594,85.3,0.4997268871963024
96,88.83,1.0249845280366785,85.81,0.4932155120372772
97,88.918,1.019816392065619,85.87,0.5003255453705787
98,88.79,1.0308752503541425,85.71,0.5136123450100422
99,88.52,1.0434737158248493,85.06,0.4889574643969536
100,88.736,1.0473421324244545,85.18,0.49898188024759293
101,88.34,1.0600325689291406,85.18,0.5100039069354534
102,88.31,1.0681021838541835,83.65,0.5404097354412079
103,87.74,1.0846179394465882,84.52,0.5254013288021088
104,88.588,1.05959828781045,84.37,0.5184733404219151
105,88.244,1.077579770246735,84.54,0.5545466721057892
106,88.77,1.0607746331892964,84.48,0.533231466114521
107,88.508,1.0675739107839286,85.24,0.5175883631408215
108,88.596,1.0740272895149563,85.82,0.5029001779854297
109,88.68,1.0717330353949077,83.7,0.5882737857103347
110,88.346,1.0827350941155574,84.33,0.5738691890239715
111,88.228,1.092121805681292,84.91,0.5007031030952931
112,87.78,1.1098411334749987,84.62,0.5308094128966332
113,87.98,1.1067128522926584,85.85,0.5150666159391403
114,88.344,1.0979125135390044,84.01,0.5456543248891831
115,88.03,1.1095049512355835,83.78,0.5360063403844834
116,88.258,1.107567549818922,85.68,0.520904715359211
117,88.39,1.1119598785934546,85.33,0.4998232957720756
118,88.24,1.113184348396633,84.46,0.5247780078649521
119,88.17,1.1199129940298818,84.57,0.5280442145466805
120,87.954,1.1257182140179607,83.34,0.5698240235447883
121,88.446,1.1100885598250971,85.61,0.5016050308942794
122,88.278,1.121570499046989,85.43,0.5265339189767837
123,88.434,1.1192066434704129,85.8,0.5367967629432678
124,88.358,1.124818792123624,85.46,0.4831569895148277
125,88.62,1.108198763464418,84.68,0.5022367031872272
126,88.614,1.1162411303776305,84.25,0.5368381816148758
127,88.658,1.1146337502752728,84.54,0.5179504437744618
128,88.62,1.1163568754330315,83.97,0.559293950498104
129,88.498,1.1202156615379217,84.86,0.5440053656697273
130,88.536,1.1179423022758015,83.97,0.5752711805701256
131,88.274,1.1310704542547845,82.97,0.5552209135890007
132,88.274,1.1304627419127833,83.15,0.5787260997295379
133,88.472,1.1297707507372512,83.15,0.5725326219201088
134,88.046,1.1444434140954176,84.34,0.5059492865204811
135,87.996,1.146794120369055,84.04,0.5237810680270195
136,88.334,1.142138395620429,84.74,0.5176412044465541
137,88.362,1.1411178900152825,84.83,0.5162238135933876
138,88.358,1.1414347859599707,85.77,0.5050132331252098
139,88.27,1.1486071203370838,83.78,0.5543646030128002
140,88.356,1.14769917162483,85.13,0.5035443545877933
141,88.362,1.144339873052924,84.65,0.5283226558566093
142,88.148,1.1552062292233147,84.93,0.5112707975506783
143,88.08,1.159404839701055,82.93,0.552400472164154
144,87.394,1.1827984776948115,83.25,0.5367386150360107
145,88.126,1.1638803773219017,83.89,0.546723270714283
146,87.872,1.1758377160257696,83.73,0.5641521164774894
147,88.108,1.1718490364606424,83.78,0.5434706598520279
148,87.66,1.1847434153642191,84.13,0.5363954545557499
149,87.792,1.1899221617242564,84.56,0.5448802641034126
150,91.756,1.056567467082187,87.59,0.4240223275125027
151,93.0,1.004340599564945,88.41,0.4043478673696518
152,93.952,0.9752682839208247,88.69,0.3895422987639904
153,94.168,0.9557129768154505,88.98,0.388232045173645
154,94.668,0.9397108695086311,89.13,0.3802412606775761
155,94.806,0.9271722446622142,89.25,0.37723173812031746
156,95.284,0.9131838813462221,89.49,0.37854671269655227
157,95.332,0.903172838718385,89.64,0.38060022190213205
158,95.592,0.8923948960535971,89.77,0.3811795538663864
159,95.732,0.8799096435842002,89.94,0.38659646809101106
160,95.806,0.8739786055081945,89.99,0.39303999982774257
161,95.93,0.8642307410154806,89.92,0.3897808341681957
162,96.174,0.855455399321778,90.14,0.38033766724169255
163,96.256,0.8475188274517693,90.31,0.3780836121737957
164,96.488,0.8360231488257113,90.04,0.39865629374980927
165,96.43,0.8305979736930574,90.28,0.38944138199090955
166,96.732,0.8207327688441557,90.12,0.3901786461472511
167,96.794,0.8132844152657882,90.37,0.38997625187039375
168,96.82,0.8096950695947613,90.08,0.39223657459020617
169,97.008,0.7987393332869196,90.31,0.3983632788062096
170,97.072,0.7945037475022514,90.45,0.3954161894321442
171,97.082,0.7877992937327041,90.62,0.3940714593231678
172,97.336,0.7799951960058773,90.56,0.3968531562387943
173,97.36,0.7726240060518464,90.54,0.4168334259092808
174,97.548,0.7661182020631288,90.46,0.4177206538617611
175,97.52,0.7604211512429025,90.64,0.4060946057736874
176,97.522,0.7542018035183782,90.57,0.4300602813065052
177,97.676,0.7484094989879052,90.69,0.4349373742938042
178,97.76,0.7421624982143606,90.58,0.44143062353134155
179,97.854,0.7356699226457445,90.65,0.445727975666523
180,97.832,0.7313589471990191,90.73,0.4368103364109993
181,97.952,0.7255847190347169,90.81,0.44062859028577805
182,98.146,0.7176513315161781,90.68,0.4510151977837086
183,98.13,0.7134373456315921,90.76,0.4502032768726349
184,98.148,0.7094039395642098,90.78,0.44690546438097956
185,98.184,0.7038775752572453,90.81,0.4451374137401581
186,98.148,0.7006813117000453,90.73,0.4460883031785488
187,98.342,0.6923243494899681,90.76,0.4594061055779457
188,98.368,0.6877594390488646,90.84,0.4669193698465824
189,98.524,0.6802663414374642,90.97,0.48059433862566947
190,98.502,0.6773514105840717,90.92,0.45906315684318544
191,98.496,0.6727892921098968,90.85,0.47117951333522795
192,98.59,0.6668044964370825,90.93,0.48124633595347405
193,98.646,0.6618117578804036,91.13,0.48093720644712445
194,98.698,0.6573540940309119,91.09,0.49705964341759684
195,98.754,0.6522549910618521,90.98,0.5047999334335327
196,98.754,0.6483526074368021,90.99,0.5042411157488823
197,98.786,0.6436612445984959,90.97,0.5105309873819351
198,98.754,0.6420285543212501,91.04,0.5005233895778656
199,98.846,0.6356677091335092,91.08,0.5210512208938599
200,99.01,0.6308077320723278,91.28,0.5154298946261406
201,99.028,0.6295467884949101,91.15,0.5169109435379505
202,99.044,0.6274297731306852,91.16,0.5171345357596874
203,99.054,0.6269790043916239,91.2,0.5197981166839599
204,99.058,0.6271182813912707,91.3,0.5207391522824765
205,99.0,0.6279344264503635,91.27,0.5194136336445808
206,99.052,0.6258975284178848,91.28,0.5226876647770404
207,99.036,0.6263812763611679,91.36,0.5220346996188163
208,99.132,0.6252440206535027,91.28,0.5214475835859775
209,99.106,0.6250892464462143,91.29,0.5223034651577473
210,99.148,0.6234348506268943,91.26,0.5225843417644501
211,99.142,0.6229244290715288,91.28,0.5271017087996006
212,99.08,0.6223500053900892,91.25,0.531271683126688
213,99.092,0.6230018544380013,91.3,0.5296132875978947
214,99.146,0.6204657760422553,91.29,0.5305001460015774
215,99.132,0.6206983390366635,91.29,0.5297583895921707
216,99.134,0.620340896841815,91.18,0.5326854492723941
217,99.22,0.618626035235422,91.32,0.5333088438212872
218,99.178,0.6188545816999567,91.3,0.5383710406720639
219,99.174,0.6192430925491216,91.32,0.5370854233205319
220,99.142,0.6194141482758095,91.34,0.53632134065032
221,99.17,0.6187208518957543,91.33,0.535411993265152
222,99.244,0.6165161535258183,91.27,0.5392051641643048
223,99.178,0.6168897909581509,91.24,0.5398608575761318
224,99.2,0.6150734119707971,91.34,0.5432583086192608
225,99.204,0.6166177756341217,91.28,0.5444521950185299
226,99.29,0.6138569772091058,91.3,0.5476607161760331
227,99.262,0.6133153769366272,91.2,0.5513453049957753
228,99.252,0.6130673941748831,91.3,0.5539080975949764
229,99.264,0.6127007176808994,91.23,0.5529367619752884
230,99.206,0.6131132399029744,91.25,0.5541193762421608
231,99.232,0.613185635155729,91.19,0.5552942650020123
232,99.286,0.6122911554163374,91.25,0.5566629904508591
233,99.224,0.6123168294691979,91.18,0.5535471454262734
234,99.248,0.6117831616450453,91.23,0.5533721424639225
235,99.338,0.6089323298705508,91.24,0.5569692669808864
236,99.212,0.6118288941090674,91.26,0.5580504430830479
237,99.326,0.6094365644333003,91.18,0.5562935577332974
238,99.204,0.6096727209322897,91.29,0.5589398016035557
239,99.294,0.6083423958714965,91.23,0.5598858225345612
240,99.29,0.6080278949359493,91.28,0.5610802794992924
241,99.292,0.6080933463238084,91.24,0.5598931887745857
242,99.362,0.6066200181346415,91.32,0.5632586641609669
243,99.334,0.6060690256335851,91.33,0.5673608823120594
244,99.332,0.606869262959951,91.31,0.5662085676193237
245,99.312,0.6060389687338144,91.31,0.5660284647345543
246,99.29,0.6053567505858438,91.25,0.5697037900984288
247,99.37,0.6038621308858437,91.29,0.5731182111799717
248,99.334,0.6049536038237764,91.29,0.5724862384796142
249,99.32,0.6043686029856162,91.27,0.5712154991924763
