epoch,train_acc,train_loss,test_acc,test_loss
0,24.544,2.002348836120742,37.49,1.6757759654521942
1,44.068,1.5375507966331814,45.62,1.625621565580368
2,55.038,1.277494178708557,61.75,1.074680797457695
3,63.09,1.0744386653765998,64.59,1.028954689502716
4,68.59,0.9280200042688024,72.97,0.793048710823059
5,72.822,0.8234793693208329,74.05,0.7512731784582138
6,75.324,0.7596546619596993,76.22,0.7038467311859131
7,77.328,0.7090570865689642,76.86,0.6715210744738579
8,78.58,0.6773119032992732,76.99,0.6827900290489197
9,79.642,0.652912421756998,79.26,0.6229426875710488
10,80.876,0.62661347311476,80.51,0.5785728394985199
11,81.546,0.6091997280450123,80.71,0.5776114928722381
12,82.074,0.6036803186549555,80.37,0.5717715692520141
13,82.726,0.5913033864229841,81.48,0.5679854533076286
14,83.172,0.5773754135117202,81.6,0.5658884829282761
15,83.412,0.584180587316718,81.6,0.5438608086109161
16,83.792,0.5770298086316384,81.34,0.5759522277116775
17,84.172,0.5728028793926434,82.33,0.555281851887703
18,84.142,0.582271635913483,82.42,0.5334709221124649
19,84.538,0.5835920594384908,81.28,0.5654931202530861
20,84.454,0.5850832690973111,83.05,0.5355395790934563
21,84.598,0.587101515601663,82.29,0.5360076868534088
22,84.828,0.5906665758098788,82.5,0.5442470455169678
23,84.95,0.5979905491289885,81.27,0.5804820594191551
24,84.536,0.6137613489499787,81.14,0.5796099454164505
25,84.57,0.6247890255487788,82.02,0.5586434978246689
26,84.872,0.6286399419350392,82.41,0.5516894656419754
27,84.962,0.633400422532845,82.6,0.5522213426232337
28,84.944,0.6441391329936055,82.52,0.5485727947950363
29,85.02,0.6498330055600237,80.65,0.5782094690203666
30,84.288,0.6771167839122245,82.4,0.5348190850019455
31,84.262,0.6931761204434173,81.16,0.5947548705339432
32,83.822,0.7081713608616148,82.72,0.5478474476933479
33,84.026,0.7209487815037408,81.1,0.6022218900918961
34,83.772,0.7400648804271922,79.42,0.6542431804537773
35,83.208,0.7669223466187792,81.77,0.5792377343773842
36,83.288,0.7742630049700627,80.87,0.5985583460330963
37,82.902,0.7959934361755391,80.11,0.6036835533380508
38,81.924,0.833793278850253,79.64,0.6504343017935753
39,81.89,0.8465678588203762,79.94,0.6694813960790634
40,81.334,0.8785210489616979,80.55,0.6106868186593055
41,81.646,0.8855989089097513,80.05,0.6390776860713959
42,80.792,0.9245815142951048,79.39,0.6717376291751862
43,80.52,0.9465035413537184,78.77,0.6614385783672333
44,80.17,0.9739153083328091,77.73,0.7265734300017357
45,79.362,1.00515202198492,76.76,0.7430007639527321
46,78.252,1.0529250626064017,77.13,0.7534937506914139
47,77.924,1.085587100604611,75.85,0.7694347655773163
48,77.22,1.126424673420694,73.53,0.8507720798254013
49,76.028,1.1775560673240506,75.94,0.7837858080863953
50,74.666,1.2468013389945944,73.01,0.8832824856042862
51,73.462,1.2970374679321524,70.08,1.0024630385637283
52,71.396,1.3874525758616454,73.01,0.9449112713336945
53,68.706,1.4983574203822925,65.68,1.0705695164203644
54,65.988,1.6133390521759268,61.98,1.1836113810539246
55,60.652,1.8010635284511634,57.01,1.326377632021904
56,56.648,1.950310448551422,55.02,1.3644612181186675
57,51.082,2.127671710975335,52.91,1.4361803257465362
58,46.034,2.312896914189429,28.62,1.9976305949687958
59,36.016,2.56601717587932,41.49,1.8083340418338776
60,21.476,,10.0,
61,10.0,,10.0,
62,10.0,,10.0,
63,10.0,,10.0,
64,10.0,,10.0,
65,10.0,,10.0,
66,10.0,,10.0,
67,10.0,,10.0,
68,10.0,,10.0,
69,10.0,,10.0,
70,10.0,,10.0,
71,10.0,,10.0,
72,10.0,,10.0,
73,10.0,,10.0,
74,10.0,,10.0,
75,10.0,,10.0,
76,10.0,,10.0,
77,10.0,,10.0,
78,10.0,,10.0,
79,10.0,,10.0,
80,10.0,,10.0,
81,10.0,,10.0,
82,10.0,,10.0,
83,10.0,,10.0,
84,10.0,,10.0,
85,10.0,,10.0,
86,10.0,,10.0,
87,10.0,,10.0,
88,10.0,,10.0,
89,10.0,,10.0,
90,10.0,,10.0,
91,10.0,,10.0,
92,10.0,,10.0,
93,10.0,,10.0,
94,10.0,,10.0,
95,10.0,,10.0,
96,10.0,,10.0,
97,10.0,,10.0,
98,10.0,,10.0,
99,10.0,,10.0,
100,10.0,,10.0,
101,10.0,,10.0,
102,10.0,,10.0,
103,10.0,,10.0,
104,10.0,,10.0,
105,10.0,,10.0,
106,10.0,,10.0,
107,10.0,,10.0,
108,10.0,,10.0,
109,10.0,,10.0,
110,10.0,,10.0,
111,10.0,,10.0,
112,10.0,,10.0,
113,10.0,,10.0,
114,10.0,,10.0,
115,10.0,,10.0,
116,10.0,,10.0,
117,10.0,,10.0,
118,10.0,,10.0,
119,10.0,,10.0,
120,10.0,,10.0,
121,10.0,,10.0,
122,10.0,,10.0,
123,10.0,,10.0,
124,10.0,,10.0,
125,10.0,,10.0,
126,10.0,,10.0,
127,10.0,,10.0,
128,10.0,,10.0,
129,10.0,,10.0,
130,10.0,,10.0,
131,10.0,,10.0,
132,10.0,,10.0,
133,10.0,,10.0,
134,10.0,,10.0,
135,10.0,,10.0,
136,10.0,,10.0,
137,10.0,,10.0,
138,10.0,,10.0,
139,10.0,,10.0,
140,10.0,,10.0,
141,10.0,,10.0,
142,10.0,,10.0,
143,10.0,,10.0,
144,10.0,,10.0,
145,10.0,,10.0,
146,10.0,,10.0,
147,10.0,,10.0,
148,10.0,,10.0,
149,10.0,,10.0,
150,10.0,,10.0,
151,10.0,,10.0,
152,10.0,,10.0,
153,10.0,,10.0,
154,10.0,,10.0,
155,10.0,,10.0,
156,10.0,,10.0,
157,10.0,,10.0,
158,10.0,,10.0,
159,10.0,,10.0,
160,10.0,,10.0,
161,10.0,,10.0,
162,10.0,,10.0,
163,10.0,,10.0,
164,10.0,,10.0,
165,10.0,,10.0,
166,10.0,,10.0,
167,10.0,,10.0,
168,10.0,,10.0,
169,10.0,,10.0,
170,10.0,,10.0,
171,10.0,,10.0,
172,10.0,,10.0,
173,10.0,,10.0,
174,10.0,,10.0,
175,10.0,,10.0,
176,10.0,,10.0,
177,10.0,,10.0,
178,10.0,,10.0,
179,10.0,,10.0,
180,10.0,,10.0,
181,10.0,,10.0,
182,10.0,,10.0,
183,10.0,,10.0,
184,10.0,,10.0,
185,10.0,,10.0,
186,10.0,,10.0,
187,10.0,,10.0,
188,10.0,,10.0,
189,10.0,,10.0,
190,10.0,,10.0,
191,10.0,,10.0,
192,10.0,,10.0,
193,10.0,,10.0,
194,10.0,,10.0,
195,10.0,,10.0,
196,10.0,,10.0,
197,10.0,,10.0,
198,10.0,,10.0,
199,10.0,,10.0,
200,10.0,,10.0,
201,10.0,,10.0,
202,10.0,,10.0,
203,10.0,,10.0,
204,10.0,,10.0,
205,10.0,,10.0,
206,10.0,,10.0,
207,10.0,,10.0,
208,10.0,,10.0,
209,10.0,,10.0,
210,10.0,,10.0,
211,10.0,,10.0,
212,10.0,,10.0,
213,10.0,,10.0,
214,10.0,,10.0,
215,10.0,,10.0,
216,10.0,,10.0,
217,10.0,,10.0,
218,10.0,,10.0,
219,10.0,,10.0,
220,10.0,,10.0,
221,10.0,,10.0,
222,10.0,,10.0,
223,10.0,,10.0,
224,10.0,,10.0,
225,10.0,,10.0,
226,10.0,,10.0,
227,10.0,,10.0,
228,10.0,,10.0,
229,10.0,,10.0,
230,10.0,,10.0,
231,10.0,,10.0,
232,10.0,,10.0,
233,10.0,,10.0,
234,10.0,,10.0,
235,10.0,,10.0,
236,10.0,,10.0,
237,10.0,,10.0,
238,10.0,,10.0,
239,10.0,,10.0,
240,10.0,,10.0,
241,10.0,,10.0,
242,10.0,,10.0,
243,10.0,,10.0,
244,10.0,,10.0,
245,10.0,,10.0,
246,10.0,,10.0,
247,10.0,,10.0,
248,10.0,,10.0,
249,10.0,,10.0,
