epoch,train_acc,train_loss,test_acc,test_loss
0,26.34,2.6828405936355786,35.73,1.682949571609497
1,41.002,1.798210640697528,45.0,1.4911307787895203
2,50.706,1.5705414745203978,54.14,1.2566295051574707
3,56.872,1.4694047050402903,56.86,1.2088615423440934
4,61.534,1.3764002884135527,62.23,1.0988418412208558
5,65.622,1.3257089100225503,68.12,0.9530889493227005
6,68.608,1.2759722776120277,64.98,1.010788921713829
7,70.322,1.264215010816179,70.49,0.8696683692932129
8,71.636,1.2468331466855296,72.94,0.7939611160755158
9,72.63,1.2224379733700277,74.14,0.7742086344957352
10,73.438,1.2084497045677947,74.72,0.7326473957300186
11,73.754,1.2074404448804343,72.29,0.813956071138382
12,74.43,1.1953150806829447,72.66,0.7739877015352249
13,75.102,1.1818371345015133,71.81,0.8594680750370025
14,75.126,1.1966508707731887,74.05,0.8104930430650711
15,75.114,1.1946234411900611,76.62,0.716452024281025
16,75.862,1.1759929745398519,74.18,0.7747906184196472
17,76.492,1.1567406084226526,73.91,0.780675762295723
18,77.156,1.1495727588758444,74.04,0.7603212034702301
19,76.97,1.1584780330548201,74.43,0.7815030080080032
20,77.426,1.1343537151356182,74.1,0.7774014955759049
21,77.416,1.1472003004130196,77.28,0.6862036123871803
22,77.212,1.155427721150391,77.41,0.6558435219526291
23,77.462,1.1515545623991497,77.35,0.6757796660065651
24,78.08,1.1254427933022189,79.3,0.6170102804899216
25,78.048,1.144369952666485,78.51,0.6445465657114983
26,77.872,1.1522032975235863,78.08,0.6557941859960557
27,78.51,1.135673696732582,78.8,0.6264059734344483
28,78.5,1.1265741891568275,77.13,0.6715557765960694
29,78.396,1.1350256889067647,79.57,0.611829727590084
30,78.768,1.1244338336198225,77.79,0.6651644718647003
31,78.546,1.129400315339608,79.56,0.6078560215234756
32,79.016,1.1179929929011314,75.17,0.7306862533092499
33,78.824,1.1315236230335577,78.33,0.6539380279183388
34,78.882,1.1253473394362212,77.98,0.6502244126796722
35,78.826,1.1316846278317445,78.04,0.6614658859372139
36,79.414,1.1121891625701923,78.91,0.6063998639583588
37,78.574,1.1435830343104993,76.34,0.7460184097290039
38,78.97,1.1380353088269148,78.78,0.6289760154485703
39,79.154,1.135690752959922,77.83,0.7063123354315758
40,79.114,1.1269070771344178,77.71,0.6689536681771279
41,79.432,1.1127056816349858,75.83,0.723921112716198
42,79.118,1.1271220620940714,75.8,0.7592276728153229
43,79.238,1.1324571639375614,81.54,0.5659963473677635
44,79.688,1.1141590945556035,80.75,0.591425972878933
45,79.678,1.1139402830082437,77.36,0.6753576058149338
46,79.84,1.0999460052651213,80.06,0.594973495900631
47,79.436,1.1170998782757908,80.03,0.6022531723976136
48,79.966,1.1072576337153344,79.1,0.6131415045261384
49,79.882,1.1004539514746507,77.12,0.6712336739897728
50,79.768,1.1155266040731269,78.32,0.6544468316435814
51,79.968,1.1099446639990258,78.84,0.6299127486348152
52,80.062,1.1008599084966324,79.34,0.6385540291666985
53,79.8,1.110227243522244,78.99,0.6316104447841644
54,80.2,1.1025243746045301,75.62,0.7625412493944168
55,79.73,1.1149858893335933,78.13,0.6625617933273316
56,79.988,1.1081733971910404,80.84,0.561580340564251
57,79.734,1.1240275950383043,79.11,0.6375562250614166
58,79.94,1.112893321020219,77.4,0.7046386975049973
59,79.732,1.12068243953578,80.33,0.5919143629074096
60,80.208,1.1084909483294962,79.49,0.6130657908320427
61,79.888,1.1127737134009066,79.54,0.6199858230352402
62,79.868,1.119431486215128,79.55,0.6063957911729813
63,79.692,1.1277860322266893,77.1,0.7091937500238419
64,80.072,1.1132233940122072,77.21,0.7424935528635979
65,79.8,1.1250857172719657,76.39,0.7523488155007363
66,80.162,1.1122363401800774,80.48,0.6036905518174172
67,80.01,1.1096765002631166,80.56,0.5841162231564522
68,80.004,1.109873727459432,78.01,0.6782179227471352
69,80.378,1.1071577258122243,79.76,0.6341830158233642
70,80.618,1.0953008436485934,77.71,0.7173083922266961
71,79.584,1.1308133762205959,80.29,0.5901061847805977
72,80.604,1.0947769558643137,77.64,0.6845966997742653
73,80.284,1.102523822766131,80.65,0.5919612556695938
74,79.712,1.11954869196543,79.44,0.6211265090107918
75,80.02,1.1115678730218306,80.55,0.6188927191495895
76,80.18,1.111720109992015,79.64,0.6209433898329735
77,80.538,1.1019299004388892,80.29,0.6032972973585129
78,80.28,1.101706082863576,73.17,0.7713512980937958
79,79.88,1.1182189714878112,82.1,0.5486660048365593
80,80.554,1.105985759926574,76.06,0.7670951682329178
81,80.266,1.1139360333952453,78.16,0.6584094792604447
82,80.396,1.1062411903725256,76.2,0.7105190899968147
83,80.124,1.115316624379219,80.03,0.5991481694579125
84,80.718,1.0921741995360235,80.38,0.5839668923616409
85,80.314,1.1081203495145149,74.96,0.7646347299218178
86,80.538,1.0991686689274391,80.99,0.5676162937283515
87,80.662,1.0982848764075648,79.67,0.6229012033343315
88,80.782,1.086435228509976,78.66,0.6757571515440941
89,80.644,1.0989121073652106,80.17,0.5966153663396835
90,80.596,1.107271379369604,78.98,0.6219240492582321
91,80.932,1.089983675028662,79.92,0.6061377891898155
92,80.542,1.1069609788067811,80.48,0.582764538526535
93,81.05,1.086168540255798,82.34,0.5227658504247665
94,80.382,1.1028988925392365,80.39,0.6025568920373917
95,80.436,1.1068586147654698,81.28,0.5483376243710518
96,80.41,1.1116248549097945,80.16,0.591307492852211
97,80.97,1.0939701627892302,79.59,0.6000229185819625
98,80.95,1.091046821735704,77.96,0.6504149043560028
99,80.494,1.0991252848254445,81.45,0.5448797172307969
100,81.108,1.0863416758949493,78.51,0.6456677186489105
101,80.478,1.0955970599828169,78.07,0.7082248833775521
102,80.906,1.0878379812935735,79.8,0.6289133960008622
103,80.58,1.1073846012125235,78.43,0.6335204303264618
104,80.664,1.0998854344458227,78.89,0.6315465357899666
105,81.012,1.0943647069699318,76.57,0.7235046228766442
106,81.34,1.082377781038699,79.44,0.6018038827180863
107,80.162,1.1175478870606483,78.75,0.6632145789265632
108,80.692,1.098020544289933,78.49,0.6399914705753327
109,80.816,1.0970195856545588,81.53,0.5595352238416672
110,80.56,1.1082132042521406,80.83,0.5886980700492859
111,80.944,1.1028513954118695,79.51,0.6064679226279259
112,80.488,1.1014620797408512,74.98,0.7376594853401184
113,80.422,1.1022357445238802,81.37,0.5513841179013252
114,80.844,1.0982422261591762,78.83,0.6152324360609055
115,81.056,1.088492100043675,78.04,0.6412641349434852
116,80.69,1.1041179188072223,79.44,0.6230500566959382
117,81.066,1.088099489736435,78.57,0.6810514014959336
118,80.58,1.10035475806507,77.99,0.6772275191545486
119,80.966,1.0887993023828473,79.55,0.6297247669100762
120,81.122,1.0813169581505953,80.01,0.6081910738348961
121,80.374,1.1112852470039407,79.28,0.650467595756054
122,80.942,1.09548747021219,80.22,0.6075627326965332
123,81.09,1.0882254793211017,82.22,0.5829056560993194
124,80.808,1.09711657933262,76.68,0.7538738462328911
125,80.768,1.09504832437886,80.84,0.583707083761692
126,80.866,1.1029721827763121,79.07,0.6765575230121612
127,80.914,1.1020402643076903,79.57,0.6177609831094741
128,81.108,1.0938896472801638,80.49,0.5872934636473656
129,80.996,1.0947286994256022,79.18,0.662186143398285
130,80.632,1.1083440737956016,82.34,0.5178184968233108
131,81.066,1.0867463499688736,78.52,0.6470313718914986
132,81.386,1.0768585773685095,79.58,0.6667113319039345
133,80.994,1.0915647075914057,79.96,0.6337075093388558
134,80.738,1.1034895033787584,75.57,0.7503129336237907
135,80.888,1.09746573800626,83.04,0.5247695404291153
136,81.228,1.0917086499121489,79.02,0.6403836533427238
137,80.902,1.0990161330193815,78.47,0.6337147748470306
138,81.048,1.0915896610530746,82.34,0.5494568583369255
139,80.932,1.0929385880984919,80.02,0.5917880025506019
140,80.812,1.1052877102666498,76.91,0.756786422431469
141,81.092,1.0878417322702725,81.44,0.5683302313089371
142,81.368,1.0791827054584728,77.41,0.6922321280837059
143,81.224,1.0867638337947523,81.19,0.5876652553677559
144,80.718,1.0996621371535085,77.62,0.657087291777134
145,81.298,1.084176377567184,79.55,0.6221155905723572
146,80.772,1.0992828822501786,80.72,0.5716637217998505
147,81.194,1.0877764177749225,80.83,0.5667141598463058
148,81.336,1.0846359479762708,77.15,0.7273153772950173
149,80.608,1.1024803528395455,80.14,0.5894237190485001
150,87.974,0.8697289630885014,88.1,0.35839310303330424
151,90.02,0.7723351779496274,88.47,0.34479647010564807
152,90.584,0.7227250451931868,88.34,0.3466662579774857
153,91.24,0.6775770586774782,89.13,0.3296712774783373
154,91.312,0.6537413533081484,89.05,0.3302558895945549
155,91.546,0.6270691374378741,88.88,0.3451172938942909
156,92.006,0.6014721574990646,88.93,0.33269098863005636
157,92.166,0.585624446192056,88.88,0.33728383108973503
158,92.146,0.5721342025510491,89.88,0.3056135849654675
159,92.504,0.5542559949180964,89.86,0.3125132179260254
160,92.456,0.5478019920913765,89.06,0.3488105657696724
161,92.698,0.5374271426054523,89.21,0.3339153717458248
162,92.562,0.5324512233819498,89.78,0.3214376617968082
163,92.962,0.5224590755789481,89.52,0.3252202732861042
164,92.858,0.516044197561186,89.12,0.34684369683265687
165,93.014,0.5092959622745319,89.2,0.34595335602760313
166,92.91,0.5076763393628932,89.53,0.3299723523855209
167,93.036,0.5004278970953754,89.71,0.3165622942149639
168,93.132,0.5001849292031945,88.96,0.35447477251291276
169,93.182,0.4934069374028374,89.31,0.3343374918401241
170,93.398,0.48506823349791717,90.07,0.3275803810358047
171,93.468,0.4853812101704385,90.21,0.3358951725065708
172,93.334,0.4869532374774708,90.42,0.31634010910987853
173,93.546,0.480330779348188,89.93,0.31455355919897554
174,93.302,0.4848545328582949,90.01,0.3186829036474228
175,93.54,0.4784938202946997,89.59,0.3252317453920841
176,93.752,0.47242522232062983,89.49,0.3377547785639763
177,93.818,0.4687504708157171,90.05,0.3022901538014412
178,93.9,0.4693483211042936,89.64,0.3240646034479141
179,93.784,0.4659139903457573,89.62,0.32980936735868455
180,94.122,0.46360643387145706,89.42,0.3467738501727581
181,93.828,0.46856365949296586,89.07,0.3477891556918621
182,94.058,0.4602179769664774,88.97,0.3803954042494297
183,94.114,0.45884878510404425,89.68,0.32273717403411867
184,94.174,0.45956887651587386,89.46,0.3591871677339077
185,94.024,0.45687482172570876,89.69,0.3420790170133114
186,94.086,0.46120388420951336,89.31,0.35853685706853866
187,94.032,0.4619562990982514,88.52,0.39334667146205904
188,94.314,0.45296737696508615,89.68,0.3445770664513111
189,94.398,0.4486673850080241,89.3,0.3817630745470524
190,94.232,0.4553732761489156,89.94,0.3289414354413748
191,94.208,0.45329087164700793,89.93,0.3311674104630947
192,94.516,0.44613370329827606,90.18,0.3368383388221264
193,94.376,0.4489728874715088,89.56,0.34591145515441896
194,94.296,0.4518068732355562,90.3,0.32866968646645545
195,94.516,0.44366040437117865,89.52,0.3819869280606508
196,94.574,0.441213391854635,89.79,0.34693997919559477
197,94.6,0.440580344565994,88.65,0.4110366769134998
198,94.594,0.4438882325311451,89.71,0.3545842895656824
199,94.524,0.44336544667058586,90.6,0.3152891127765179
200,97.054,0.3738481621912983,91.51,0.30361684776842596
201,97.518,0.3581147938585647,91.55,0.31270926877856253
202,97.606,0.3524057914686325,91.57,0.31246435903012754
203,97.8,0.3464824385807642,91.49,0.3231036845594645
204,97.936,0.341145371003529,91.58,0.3370449114590883
205,97.948,0.33947865600171295,91.79,0.3255110614746809
206,98.066,0.33590340629563004,91.71,0.3361637852340937
207,98.078,0.33278257012977014,91.66,0.33621635288000107
208,98.122,0.33040324508991387,91.92,0.3375690968334675
209,98.206,0.3267157100655539,91.49,0.34181279584765434
210,98.342,0.32385007568332547,91.7,0.3410188962519169
211,98.254,0.32296380431145966,91.52,0.33897772550582883
212,98.304,0.3197673941817125,91.81,0.3317055585235357
213,98.382,0.31746400667883246,91.78,0.35355902209877965
214,98.412,0.3143703229439533,91.7,0.3492652928084135
215,98.506,0.3133917104100327,91.43,0.3611868877708912
216,98.382,0.3148478219271316,91.61,0.3485644095391035
217,98.39,0.3121135090775502,91.46,0.3474060732126236
218,98.562,0.3086554440848358,91.48,0.35576734840869906
219,98.49,0.3073653306650079,91.66,0.3478838188946247
220,98.484,0.30814861054615594,91.64,0.3426376383006573
221,98.58,0.3038166150107713,91.42,0.3468066547811031
222,98.648,0.30204891144772017,91.63,0.3564431281387806
223,98.694,0.30137244225158105,91.64,0.35604279465973376
224,98.604,0.3001610106976746,91.68,0.36378925569355486
225,98.572,0.29976635828347464,91.57,0.36203623212873937
226,98.636,0.29735362392557246,91.69,0.36918084263801576
227,98.576,0.2984782272897413,91.77,0.36185500092804435
228,98.638,0.29610696358753896,91.66,0.3616802830249071
229,98.732,0.29321857029214843,91.68,0.366493948623538
230,98.69,0.2935889555365228,91.41,0.3822524933516979
231,98.654,0.29295242518720116,91.67,0.3749816509336233
232,98.728,0.29139723626853864,90.79,0.41137959346175196
233,98.68,0.29009884031837246,91.08,0.37956917986273764
234,98.786,0.2887601853941408,91.7,0.3685968637466431
235,98.768,0.2875613458930989,91.42,0.3768315489590168
236,98.712,0.28751659286601466,91.29,0.41101380698382856
237,98.676,0.2882561468712204,91.56,0.38751119129359723
238,98.82,0.2840715233627183,91.15,0.39943415015935896
239,98.716,0.28588746392818365,91.62,0.37441019095480443
240,98.788,0.28472441671144627,91.66,0.39484468936920164
241,98.746,0.28332345702154255,91.28,0.3938408938795328
242,98.842,0.2809939664952895,91.51,0.37697736658155917
243,98.81,0.2809713813654907,91.16,0.39281685918569564
244,98.776,0.28236960270977995,91.45,0.38396043606102465
245,98.88,0.2789908442884455,91.49,0.3844427528232336
246,98.856,0.2782526486517523,91.23,0.3849695383757353
247,98.782,0.2789132517317067,91.6,0.3741896277666092
248,98.822,0.2778947579738734,91.61,0.3826020332425833
249,98.794,0.27806986769294495,91.31,0.3940849915146828
