epoch,train_acc,train_loss,test_acc,test_loss
0,22.548,3.030575548291511,31.5,1.782620507478714
1,33.464,1.9181509338071585,33.86,1.801191439628601
2,37.872,1.825008332576898,40.46,1.5675563967227937
3,42.706,1.748118784116662,39.18,1.6621578133106232
4,46.364,1.7037339216607916,48.67,1.3942787802219392
5,49.944,1.6371941944522321,48.75,1.4424622082710266
6,51.602,1.6194866532864778,53.18,1.2769284129142762
7,53.056,1.6084328127639067,48.79,1.5075648093223573
8,53.558,1.6136089712762467,51.54,1.3424960172176361
9,55.278,1.5798545368492145,57.94,1.164555316567421
10,56.03,1.567116861758025,56.49,1.2300098049640655
11,57.214,1.5563099277598778,50.3,1.3864431500434875
12,56.462,1.574286833443605,49.27,1.432086923122406
13,58.574,1.5272622404196072,58.97,1.1539218199253083
14,56.678,1.5918428471021335,59.7,1.1525498068332671
15,59.624,1.5176658627322264,56.78,1.285120402574539
16,58.706,1.5431414821263774,55.13,1.3237768477201461
17,60.538,1.4910461838592959,47.91,1.5614301764965057
18,59.384,1.5319877826344326,54.76,1.3094809758663177
19,60.51,1.508474725286674,65.6,1.0041580182313918
20,61.158,1.4981157227855204,57.64,1.173056869506836
21,60.608,1.5222111394643174,59.55,1.1070647782087326
22,60.984,1.508723500744461,64.14,1.0254663467407226
23,60.234,1.5360383868522351,60.44,1.1428864377737045
24,61.12,1.511079103745463,62.19,1.0456444638967515
25,61.088,1.5099394891573035,61.17,1.1504631286859512
26,61.938,1.4970599098888504,62.85,1.0230587118864058
27,60.88,1.5424282367881912,52.11,1.2790486669540406
28,62.002,1.4917312549508137,62.5,1.0687736564874648
29,62.112,1.4980718101686834,58.05,1.1808818066120148
30,62.578,1.485843584665557,65.12,1.0126604026556014
31,62.818,1.490694549077612,62.56,1.0467580795288085
32,62.474,1.4996258980782746,57.97,1.13495585501194
33,62.97,1.489485831516783,66.5,0.9718140697479248
34,63.11,1.4821848262606374,62.73,1.0993370658159256
35,63.09,1.4928484191675016,64.03,1.0321823078393937
36,63.992,1.4763629930403532,62.5,1.1090314817428588
37,63.792,1.475943319937762,58.16,1.151962673664093
38,62.938,1.489841641977315,60.8,1.1086400097608566
39,63.454,1.4867424184404066,65.05,1.0213915371894837
40,64.824,1.453225753191487,66.7,0.9749898290634156
41,65.132,1.4501330556771945,64.08,1.0241341978311538
42,64.476,1.4745634166176056,64.17,1.0742560225725173
43,63.988,1.4976355822189995,65.94,0.9924949938058854
44,64.616,1.4666196696288751,59.35,1.158853187561035
45,64.47,1.4772359983390555,62.9,1.082664833664894
46,64.868,1.4771335073139356,66.25,1.02237986266613
47,64.638,1.484774712406461,63.06,1.0365691685676575
48,65.366,1.4585513318591106,62.36,1.11796561896801
49,63.934,1.5061484264290852,57.69,1.3294305270910263
50,64.798,1.4829843922344315,56.55,1.4029919624328613
51,64.264,1.495625005048864,69.41,0.8881389832496643
52,65.25,1.4609048823871271,62.98,1.1682454854249955
53,64.94,1.4835217715529225,64.71,1.0543082213401795
54,64.678,1.4888529018367953,65.61,1.0055866533517837
55,65.086,1.4729143402460592,57.3,1.3047971892356873
56,64.942,1.482336916277171,55.77,1.3879595911502838
57,64.072,1.4886200229835023,65.69,0.9872272038459777
58,64.766,1.4754117974234968,67.45,0.9431582671403885
59,65.952,1.4470788905077883,59.18,1.2228341919183732
60,65.86,1.4640100298025418,67.51,0.9454686403274536
61,64.908,1.4857411168115524,64.97,1.0191512835025787
62,64.632,1.4920256817737199,66.12,1.0293063455820084
63,65.106,1.4796944698104468,63.91,1.021805477142334
64,64.886,1.4800796478300753,70.21,0.8657120108604431
65,65.264,1.469422651983588,69.55,0.8806127583980561
66,65.07,1.4723744136293222,65.33,0.9912322890758515
67,65.448,1.4752233592445587,65.9,1.0018704277276993
68,65.116,1.4800678869647443,66.44,0.9535196173191071
69,65.918,1.4702528510861994,62.65,1.1355961775779724
70,65.032,1.48580612947264,65.1,1.001716371178627
71,65.836,1.4554076371595377,65.88,0.982029567360878
72,65.052,1.4785691429586971,64.87,0.9960900545120239
73,65.804,1.4505243139803563,66.53,0.9715923190116882
74,65.924,1.4472055993116726,64.81,1.0003236919641494
75,65.974,1.449520742496871,64.85,1.0635247433185577
76,66.16,1.4592189118075554,67.84,0.9420650094747544
77,66.128,1.460906780589267,68.86,0.9307806253433227
78,66.008,1.4638627901711427,64.85,1.0094947236776353
79,65.524,1.4621645574984343,61.35,1.2034927731752396
80,65.75,1.472632030087054,65.67,0.9720614576339721
81,66.01,1.4484261920689927,66.94,0.9646347498893738
82,65.706,1.4699186684225527,67.3,0.971231107711792
83,65.352,1.4808563161688997,59.26,1.1867760533094407
84,66.336,1.4554989734269164,65.46,1.0186566805839539
85,66.138,1.4682332798648063,64.87,0.9844604629278183
86,65.806,1.4632227585443756,65.82,1.0238170474767685
87,65.336,1.4773570649764116,61.23,1.2265994077920914
88,65.338,1.4796378359465343,62.5,1.1042656165361404
89,64.87,1.5023777201352522,60.86,1.1372323143482208
90,65.324,1.4836667468175864,68.93,0.9069348120689392
91,66.498,1.4426439531014095,64.94,1.0469629698991776
92,65.56,1.4650359915955293,62.3,1.1522894883155823
93,66.252,1.4571054829356005,67.87,0.9357565927505493
94,66.076,1.4562959100889123,66.56,0.9616577863693238
95,65.136,1.4808839727240755,66.88,0.9306429249048233
96,65.406,1.48091833396336,69.92,0.8715909910202027
97,65.656,1.4679769036714987,62.62,1.143254907131195
98,65.016,1.4829729072883,65.29,0.9893269348144531
99,64.984,1.4823775517056361,68.15,0.9187059843540192
100,65.364,1.4667467635001064,68.05,0.919374549984932
101,65.736,1.4530604809446408,61.42,1.1364698612689972
102,65.67,1.4564163123860079,67.26,0.9281768941879273
103,65.672,1.4699768861541358,66.19,0.9573672664165497
104,65.486,1.4689693554587986,68.7,0.9038403403759002
105,65.458,1.479773675389302,63.56,1.045495215654373
106,66.398,1.441569392638438,58.45,1.4481240552663803
107,65.228,1.49522751280109,68.7,0.8938038319349288
108,65.642,1.4686156983875558,62.67,1.0845702934265136
109,66.406,1.445975866464093,64.24,1.1225050228834152
110,64.45,1.5152807208278296,65.8,0.9718107771873474
111,65.668,1.4704067139979213,66.09,0.9826140975952149
112,65.472,1.4648151967836462,68.9,0.9024076622724533
113,65.718,1.467341396814722,68.58,0.9222317361831665
114,65.276,1.4781743647802212,64.49,1.024365581870079
115,64.748,1.4907438657472811,64.54,1.039384480714798
116,65.406,1.4712797485654006,65.68,0.9931038928031921
117,65.036,1.4844838828991747,68.15,0.9321673673391342
118,65.262,1.4820745820584504,66.78,0.9645912963151931
119,65.158,1.4700288171963314,67.83,0.9184145617485047
120,64.858,1.4916014153024424,62.28,1.0465810269117355
121,65.232,1.475441284801649,65.23,0.9905394524335861
122,66.046,1.452234661182784,65.99,1.1103844809532166
123,64.926,1.4858392217884893,63.39,1.1354645937681198
124,65.126,1.4700114720922601,68.2,0.9315185213088989
125,65.318,1.4653712404353538,65.13,1.006183568239212
126,65.378,1.4671175842699797,64.99,1.0521209186315537
127,66.124,1.437585962702856,62.03,1.0474482303857804
128,64.356,1.5084062720198765,65.74,0.9913291084766388
129,65.724,1.4524582938465012,63.47,1.026256293654442
130,65.482,1.4632103379120303,68.27,0.9117010301351547
131,64.67,1.4801870514364803,67.98,0.9387468242645264
132,65.888,1.4502986995765315,60.71,1.1460659646987914
133,66.118,1.4480568487625902,67.6,0.9613259166479111
134,65.11,1.4815833367350157,65.35,0.9948043006658555
135,65.22,1.4748672048758973,63.7,1.0707029289007186
136,66.446,1.4375917627988264,60.7,1.1298339569568634
137,66.176,1.4500641862449744,62.78,1.0922477483749389
138,65.7,1.459117276589279,67.86,0.93965556204319
139,64.896,1.487677623548776,63.22,1.023522138595581
140,64.942,1.4658336800992335,66.54,0.9978743457794189
141,64.992,1.4738631782019536,66.86,0.9980249643325806
142,66.018,1.4423009946827998,63.74,1.09114766061306
143,65.428,1.4570622477689972,63.6,1.0994595474004745
144,65.948,1.461629176078855,67.37,0.9579138535261155
145,66.184,1.4496503976909705,63.97,1.014193630218506
146,65.4,1.4710904451282434,59.94,1.209373611807823
147,65.778,1.4627873586571736,62.33,1.1318678987026214
148,65.174,1.462071014487225,59.09,1.4026792031526565
149,65.506,1.4746873720222726,65.48,0.9938051962852478
150,75.396,1.1686629320654418,76.51,0.6858444455265998
151,77.708,1.0503987634883207,78.28,0.6392877942323685
152,78.314,1.0051613046080254,77.23,0.6691341343522071
153,78.922,0.9704787667145205,78.85,0.6080826318264008
154,78.992,0.956944172034788,78.18,0.6466310521960259
155,79.29,0.9457593735526589,78.89,0.6065119642019272
156,79.348,0.9381484741445087,79.38,0.6052171999216079
157,79.756,0.9268141425479098,79.78,0.5965582731366158
158,79.814,0.9184045500462622,77.74,0.6531568744778633
159,80.262,0.911281140868926,78.77,0.6044993466138839
160,80.14,0.9140311702133139,77.93,0.6757451272010804
161,80.314,0.9052643080806488,78.04,0.6590759766101837
162,80.332,0.9032115123765853,80.44,0.5778118398785591
163,80.582,0.8993884183256827,79.66,0.5939894381165505
164,80.772,0.8901951933455894,79.4,0.5945676007866859
165,80.538,0.8964127695468991,78.83,0.6241384214162826
166,80.982,0.8859665399927008,80.34,0.5676565301418305
167,80.944,0.8900928247310317,79.4,0.6079607611894607
168,81.014,0.8880227599912287,80.96,0.567458473443985
169,81.0,0.8897182630456012,79.7,0.5848540970683098
170,81.124,0.8856606683157899,80.35,0.5811531922221184
171,81.066,0.8877586246756337,79.4,0.5880771341919899
172,81.092,0.8847885273606576,78.12,0.6664670106768608
173,81.006,0.884309283302873,78.57,0.6081143832206726
174,81.37,0.874559378684939,79.94,0.5966780233383179
175,81.246,0.88159766099642,79.92,0.571394202709198
176,81.56,0.8770997094376313,79.21,0.6054858079552651
177,81.296,0.8764140927578177,81.55,0.5364573836326599
178,81.842,0.8710745338283842,80.57,0.5943764796853066
179,81.842,0.8693079379818324,80.75,0.5506907999515533
180,82.098,0.8616884794381573,81.65,0.5355190238356591
181,81.888,0.8660376992676874,78.83,0.6045387056469917
182,81.832,0.8692334250111104,78.29,0.6433919414877891
183,81.944,0.8611026064819082,81.08,0.5544203335046768
184,82.292,0.8553078285873393,79.03,0.6407082217931748
185,82.108,0.8609680106572788,78.83,0.6267365509271622
186,81.77,0.8701020482251102,80.22,0.590817166864872
187,82.156,0.8617080934822102,82.03,0.5328261828422547
188,82.304,0.8599687124152318,80.11,0.6011364123225212
189,82.144,0.8588892497370005,79.89,0.6055837154388428
190,82.082,0.8650067258064095,81.07,0.5439101302623749
191,82.504,0.8527844549749818,81.39,0.5443714618682861
192,82.606,0.8485157918137358,80.84,0.5565462481975555
193,82.214,0.8586135419738262,81.12,0.5783230228722096
194,82.368,0.8557667107228428,80.93,0.5658767798542976
195,82.41,0.8518159512973502,79.1,0.6097458985447883
196,82.466,0.8550071455633549,80.93,0.5654388335347176
197,82.51,0.8534752840886031,82.5,0.501038783788681
198,82.74,0.8448410209487466,82.54,0.5182544490695
199,82.862,0.8433882929479984,82.16,0.5287056308984757
200,86.128,0.7507841721215212,84.58,0.4590893492102623
201,86.638,0.7289007065241294,84.31,0.4623121105134487
202,86.89,0.7204951916814155,84.41,0.45508323222398755
203,86.904,0.7117088743487893,84.39,0.4502786219120026
204,87.046,0.7063161015815442,83.78,0.48129232466220856
205,86.858,0.7079978588292056,84.88,0.4550695505738258
206,87.128,0.6998474139081853,84.73,0.4547404886782169
207,87.09,0.7013992033041346,84.19,0.47334547579288483
208,87.238,0.6975926840701676,84.87,0.44709043204784393
209,87.234,0.693097488959427,84.15,0.46716845363378523
210,87.378,0.6894295593661726,84.42,0.4585395331680775
211,87.35,0.6883037093350345,84.98,0.4540330831706524
212,87.42,0.6865568183876974,84.56,0.45203720062971114
213,87.234,0.6867446446662668,84.84,0.4513148275017738
214,87.346,0.6826548003174765,85.08,0.4493011201918125
215,87.38,0.6798149592736188,84.59,0.46395743399858475
216,87.416,0.6792866740080402,85.11,0.4436699715256691
217,87.524,0.678755648910542,84.37,0.4681680618226528
218,87.362,0.6805203485366939,84.49,0.4635648146271706
219,87.47,0.6769887591566881,84.77,0.45501309156417846
220,87.324,0.6754684559524516,85.29,0.4377763718366623
221,87.414,0.6722637755639108,84.97,0.4508161710202694
222,87.508,0.671586371291324,84.76,0.45651803225278853
223,87.368,0.6760396167750249,85.05,0.44295680984854696
224,87.512,0.6733998985546629,84.99,0.44756207093596456
225,87.57,0.6711597486835001,85.31,0.43748422935605047
226,87.686,0.6668274780673444,84.71,0.45998441383242605
227,87.552,0.6704683640728826,85.45,0.4409731407463551
228,87.672,0.667324379734371,85.06,0.4412383687496185
229,87.86,0.6650324962328157,83.92,0.4757663394510746
230,87.678,0.6645700433827422,84.86,0.4408137634396553
231,87.612,0.6654026035000297,83.82,0.48863127201795575
232,87.602,0.6686599147899072,83.85,0.48475266978144643
233,87.726,0.6663379513699076,84.82,0.4560158264636993
234,87.9,0.6603896924296914,83.63,0.4914484499394894
235,87.864,0.660685739858681,85.75,0.4262128980457783
236,87.712,0.6604232623449067,84.9,0.4554734547436237
237,87.79,0.6596468709923727,83.66,0.5007899861037731
238,87.882,0.6589349124132825,84.5,0.4516088172793388
239,87.838,0.660531463601705,85.24,0.44286742970347404
240,87.728,0.6615747878008791,84.99,0.4486836467683315
241,87.808,0.659373842846707,84.88,0.4565131229162216
242,87.888,0.6588663145556779,84.31,0.46466664001345637
243,87.936,0.6571812590064905,85.45,0.44412196800112724
244,87.956,0.6557049181912561,85.12,0.4399809862673283
245,88.042,0.6547577643333493,84.94,0.46305094093084337
246,87.866,0.6597358860323191,83.89,0.5024437196552753
247,87.748,0.6587361415938648,84.69,0.45332328483462336
248,87.902,0.6553984238668475,83.82,0.48127154931426047
249,87.986,0.6517182795897775,83.84,0.49078645661473275
